train_ppl,valid_ppl
342.694352313526,181.97228709416882
206.82499407047897,145.8220916956076
178.64133685332274,130.39607505913906
161.35349279243172,120.59811829435925
152.32526480190614,115.01948232503929
144.7137644989698,110.78435931542312
138.65252140815326,107.30011280688159
134.34051378564408,105.36636176780067
129.4254245482734,102.59968628136497
126.15847586793217,101.09070029680817
123.64191937218376,99.52162321942917
120.77042890915152,97.44378011342891
118.75752436439541,96.69853477122436
117.3945265789368,95.04516290224397
114.98976233027882,95.07392121004389
113.13757825870603,93.95371112382927
111.88195058546896,92.69188284245422
111.49465749954966,92.19059529418082
109.37983631724407,91.96519697195248
108.33057845512415,91.80990058602188
107.59851512900701,90.9528944735983
106.48823993730319,90.97548240545024
105.8018416145525,90.49555284761064
104.98171432402421,89.59247809408491
104.39002277304112,89.26629255698198
103.90465842517146,89.28483973719273
103.19358809338925,88.2397974574392
102.7893306814814,87.95997661207278
101.85347825192402,88.01077794573203
101.35509954631958,87.60186625122766
100.1178603396045,87.34797373738049
99.63678303238635,86.96356856108711
99.26674667741682,86.97949391042505
98.81849030872452,86.71300530162183
98.3991478095546,86.00041979727364
98.37070383632931,86.15568762623145
97.74743962441374,85.95974015325467
97.49739901260254,85.7148312252806
96.82675881618518,85.73046289500094
96.75787376697595,85.74508969927436
95.84828582966647,85.0693176622793
95.54372848418464,85.33897206891729
95.81761573928692,85.14162194559499
95.84696475165384,84.81530499530099
95.27120061036018,84.53942067963199
94.6942154878689,84.59899000247665
93.98568350815722,84.37820434763555
94.50502623138931,84.36950390168843
94.18836557294124,83.86621924685635
93.89545855750428,84.0409527407013
93.92627119711636,84.07903493579056
93.24645971880776,84.09376255169205
92.85684940272836,84.1226195789301
93.44883563860816,83.73834403525386
92.69862561204407,83.9497531368013
92.28297588865634,83.79731712414815
91.94633954162443,83.63168195242706
92.2589671523339,83.5639229099771
91.71123079432621,83.24097028157003
92.05839435880515,82.96504848142777
91.5928242650309,82.9864391710619
91.67072797821763,83.21276270471212
91.24529987599867,83.04459938023426
91.16876909572703,83.3092570327328
90.86887738403033,83.25829712280559
90.97912974284716,82.8957867974837
90.569271856861,82.88852757439375
90.8027046398819,82.83327147950013
90.30152191918704,82.69975992123146
90.37750699169356,82.64199787176223
90.16544321762123,82.65099017726452
89.98950691985306,82.4747065936731
90.07637226380683,82.44938425340403
89.94435190939258,83.07435614568921
89.74166085533577,82.67076415717315
89.32086118772038,82.47198641399596
89.60519078271811,82.69618583984916
89.17145038122689,82.34823505402476
89.32011050860112,82.08946233838336
89.0610532979903,82.43044447575737
89.22521545728345,82.43616345497445
88.8260060589489,82.30213749512994
88.95444111648644,82.04727324450282
89.01923700713448,82.07499239584621
88.9846194817196,81.79248503530445
88.52307697587425,82.32747703434922
88.27600527867804,81.99133459882023
88.61496120329295,82.11473639825259
88.9005104564699,82.18811257471398
87.9946213607988,82.08964906398923
88.21103867265776,82.07278323123894
88.4689914664217,81.73755675844066
88.2195498381276,81.71701463552884
88.201549839618,81.85353216372185
87.84804918551445,81.931830919907
87.88547441569845,81.92210936008968
87.51305640974624,81.25739608525355
87.76291967902132,81.67671998316669
87.7796202785724,81.55060645309426
75.43497247074093,76.02708334906899
70.8574282356554,74.39516272594865
68.13997919520371,73.36185067661442
66.379234424836,72.64597656435748
64.52472989632511,72.10189054320333
63.5121099808301,71.51921704359893
62.253776895438484,71.18916770289816
61.438055900476094,70.85118600725566
60.24485016508161,70.57704369226819
60.0142900477649,70.34488622060971
58.725476023021756,70.11997840157036
58.48460641480133,69.97535589619388
57.959961628028715,69.7448338948625
57.59556151195121,69.55667009040887
56.632920446152816,69.46356866531777
56.11762289094941,69.30889542912885
55.79023198301585,69.1618553545343
55.680490921675286,69.0530235259733
54.9060480553521,69.03297358340036
54.60598794227314,68.87510733762606
54.24563955710235,68.79934818894439
53.91028214205899,68.67660927645451
53.51077588458708,68.6278092010486
53.32245848445147,68.56731926865478
52.95703057267963,68.38158046436968
52.907579857876144,68.37476276332045
52.397758560080405,68.24173346586355
52.27486402491329,68.30374876538491
51.95687763556099,68.19952490129512
51.7158068475119,68.15555956884525
51.47042116226543,68.07780446327095
51.29206031680996,68.03917943305144
51.264185926276824,67.95684229087162
50.93835513629334,67.99841085975173
50.986873725725985,67.94228770513332
50.89171328643799,67.97410575204682
50.31983352131374,67.82295477354562
49.957060452209355,67.84126442330181
49.753593956521314,67.7890486886783
49.83308836762407,67.7737335315261
49.514738868403555,67.74234313916101
49.73894428562319,67.83676370016687
49.317666120082,67.81842955448992
49.16666154460473,67.6513367707544
48.897013622477765,67.71961858594119
47.422381237819174,67.388068217006
47.28965769739382,67.33487386388605
47.19029144734081,67.29271597781064
47.16042876738188,67.25767256414208
47.10758504475764,67.2366144921036
47.02097677778307,67.23635959216182
46.810596609437646,67.20814814231845
47.07384994574428,67.18328499380522
46.80626927913441,67.12745288034681
47.00634159036881,67.14496384081716
46.900506638228826,67.14903681184138
46.51579327562121,67.11287238286536
46.56122636831809,67.07957558732896
46.66413081709996,67.06897190386513
46.77918141727764,67.05964103205191
46.51476122072201,67.05221794147879
46.544434111900536,67.05132824262137
46.43664178344972,67.02576080093922
46.24314479481285,67.00800149014272
46.27710909613389,67.00302261399166
46.264042952148834,66.9817141565879
46.044509794301,66.97892094002185
46.1171167536036,66.98945959361556
46.16146212273171,66.97366493013828
46.3758932532294,66.97325868567751
46.29778914076936,66.9482793865876
46.026480364651974,66.94924386134706
46.08489656110427,66.93967587133788
46.15347091460623,66.96107249762576
45.960659444966176,66.93932058769751
45.822906567728786,66.92894206210873
45.89160018569186,66.92287809400791
45.780856351004736,66.90344665141372
45.848253877651274,66.90897617422081
45.52377790449497,66.87375230897736
45.72863607863117,66.87953292378197
45.79892813234482,66.8655893093209
45.60795044492949,66.85291581886612
45.41584536063637,66.84822723623257
45.83769721560003,66.86062101478092
45.882221204859924,66.83948454157921
45.57072378957681,66.83847096979477
45.33844361223302,66.82445991486397
45.48992301323336,66.85948038702045
45.638563738613996,66.82514393071523
45.40792216964745,66.81929202138971
45.48143646817308,66.81108501201346
45.5854943367434,66.78733089624835
45.2606868822578,66.79249631780641
45.54314142942379,66.77507727852434
45.43155843427796,66.76940694376157
45.03763228378493,66.76257280523095
45.36361443769925,66.77558358183039
45.23268393160557,66.7908757503909
45.314810090691715,66.7753304296975
44.99565225093412,66.73577454687032
