train_ppl,valid_ppl
357.84541591999806,191.58504259013375
208.03575705795828,144.5664237185138
174.31786646704583,127.57743813509057
156.83072692482818,118.01332840432397
147.2279299804936,112.36922257551332
138.78748008925848,107.76301277120373
133.08397702944671,103.67595778697967
129.5601561441171,101.85481220737188
125.13288305855369,99.1996702348694
120.79739018319654,97.55773847457004
119.82835024241443,96.90536768610824
116.7860603618794,95.06444226018654
114.38176253546627,93.40908228261324
113.16899856936688,92.76623454565333
111.28985933475994,92.63037245919014
110.10625061058047,91.19033045115096
108.81250856963058,90.7477566637948
107.09697268815354,88.88806901658096
105.56298960017176,88.670509784695
104.70369939150976,88.58184195342545
105.11520307716236,88.03850923220902
103.6703333380851,87.69068345697674
101.80325993611427,86.47188363261203
101.37564757609108,86.50201583038556
100.61509354757055,86.5838749201483
100.77561539271063,85.87684328793483
100.08313238746105,86.03691094321022
99.66783794800585,86.01294048342993
98.5027400992667,84.94430956049044
98.59155873567494,84.83588623882899
97.85840533875717,85.1064461919955
97.45479948949483,84.08183999709125
96.63288664741275,84.37858821150317
96.68048947784075,83.69130966892362
95.98964963052791,84.04130320943533
95.4580085549465,83.25760271736374
95.72074086268408,83.81606255466457
95.12366755669312,82.87724718629039
94.43042779741052,82.46407651622484
94.5357846625038,82.89446689145461
93.40392297649299,82.98870439047832
94.56083094217865,82.4370385250444
93.4121187118737,82.54211439981566
92.95735683238566,82.45247878900224
92.9478573835297,82.15197689506293
92.28328611992681,81.95904499662039
92.96379451075279,82.14512536905653
93.19678800203685,81.58728180115662
91.82855557280175,81.59012745839047
91.73549789859634,81.31425203093201
92.04530446463401,82.48649507574187
92.33874119656292,81.47823187877921
90.99852254509283,81.01108009002327
91.31636906919591,81.33120865379625
90.17286977159209,81.36716838943242
90.6559654083025,81.36513250825696
91.17952735684709,81.42382332557555
90.2038860335346,80.93636138085895
90.56656211677296,80.62307454696625
90.17202099160856,80.42263448049596
90.75424316630833,81.03156763351767
90.15192542829276,80.34781883494851
89.93295332347515,80.96177151160138
88.81961604895872,80.60770182915431
89.37528721393846,79.91828827438634
88.2210327035626,80.79616616536872
89.35242544629324,80.2054199042121
89.01211492953318,80.17927445581498
89.07189221956604,80.91789187263309
89.58389644077228,80.29352589193206
89.26376753516713,80.0886219036999
89.34837042153777,80.04997994306015
88.14244554089876,79.72014440981613
88.24758021147062,80.08379443376519
88.58249606677579,80.29246049752099
88.3019459468193,79.7889003893989
88.20015625323589,80.30396750530052
88.54897117688355,80.21800924128786
87.91709298690344,79.67032280514441
88.06952385787152,80.13171768504347
88.06150082803933,79.44791115793316
87.55242862875785,79.57795282668093
86.87352877049405,79.3901028331807
87.73563313562852,79.14839696041632
87.41320460874852,79.59696141644963
87.5957055239627,79.3825487085623
87.58139528593782,79.79670494442723
87.71702415591191,79.15217779574928
87.05147895239611,79.54184901141126
86.79153187419733,79.1399957506934
86.83408236415171,79.0426368281366
87.704374663002,79.55732006895265
86.99571890018204,79.04752140743574
87.23164109660874,79.22663100925291
87.44500603079965,78.5592143111693
86.7245090248065,79.02759541869291
86.38880536619966,78.61290079902517
86.74579439710874,78.5042549607276
86.68096318790299,78.95671163288644
73.81410413341821,73.06278570044527
68.7031448408506,71.38992076027094
66.1122391610796,70.45671568726773
64.49586497733753,69.65765978374188
63.61752222546457,69.09927052004626
61.84325132491022,68.5698147885027
60.49705705872508,68.1988785270826
60.13896089237302,67.9133166174403
59.587795774861625,67.62615584144109
58.28666132347951,67.36301081849167
57.90564456548415,67.17544074575369
57.663194251701526,67.00152394310302
57.06774466130428,66.84293080061765
56.19475925920682,66.5723587572898
55.97988723569213,66.52757599174927
55.48677610376644,66.33013504039452
55.00420276759152,66.24245729351557
54.86383250600081,66.21069677764437
54.70279709226577,66.07195791208633
54.29807496665469,65.99137593743677
53.92873471574982,65.84083970179603
53.60346289841768,65.80824884703055
53.63430408043033,65.71244143404624
53.35071669651912,65.63560729596182
53.21374321518753,65.69575237033773
52.88513853884392,65.50177339664523
52.53764737604347,65.57111715866479
52.69710961439318,65.45438559475971
52.20437190928661,65.47252742206827
51.9345951401684,65.3697736571444
51.48554619097791,65.25495905505761
51.42704357066109,65.18253938956718
51.03713707575132,65.20985112175815
50.90131202441478,65.19791164484583
50.865475710654074,65.14592749484558
50.533820241298734,65.04479595191258
50.41051822875842,65.15091656938006
50.17147778774069,65.12639474620266
50.03398681496354,65.1692460534932
50.25841453206622,65.1373086573943
49.70123622182153,65.08811175348117
50.00913289439449,65.0268712541652
49.743776862295775,65.05194748494792
49.39775928949266,65.0337496117845
49.1446835265135,65.07382619267045
47.786728446182956,64.76416600364477
47.49115762648874,64.69153073316342
47.19476534045553,64.63286859817492
47.229634985565106,64.60200226951022
47.46035466770978,64.58226534899997
46.87426242941589,64.54589273779919
47.159366556106626,64.54320109786228
46.94577890140907,64.48655589549384
46.83134187761434,64.48125101292618
46.914730357395285,64.49088324269734
47.02701551520455,64.45622372225705
46.54153950742963,64.42150956051266
46.93317084178909,64.40182778334355
46.591242154341366,64.42067919034679
46.69151307473238,64.40612502791593
46.55474662532307,64.3916473880395
46.56420046533845,64.38049230423881
46.39496415706073,64.34745335554823
46.35787432365068,64.37214556266854
46.17625338634801,64.34020852744806
46.51193100585214,64.32220975878151
46.30379726612956,64.32830633864478
46.13933839833765,64.30818981772094
46.25802443437265,64.30792163994398
46.15545694975868,64.29853612227926
46.15451046922237,64.26125136753576
46.09323228684617,64.26899896768836
46.331778001329354,64.26812183399369
46.308778686548635,64.26941317387207
45.894037800461156,64.28388770157687
46.04348819585952,64.23119562389421
46.17130174319026,64.25379701142299
45.91751032327619,64.23331416620866
45.73655372904745,64.22167522165735
45.999379869255336,64.21159633382926
45.90686055140014,64.2017867618275
45.78675121643621,64.22223520625411
45.844385387909604,64.22778662203085
45.47999926418073,64.19414461045598
45.723040740830655,64.20490229474102
45.77842474775209,64.18845009557567
45.33765105724134,64.19158931693792
45.71916744649857,64.18657636994539
45.55834718386277,64.17514052915944
45.74780991360264,64.17548114178216
45.52807849784594,64.1753351647225
45.50483564328132,64.17798713308363
45.44762834345294,64.17037214225694
45.532073363070765,64.14865127174286
45.674494592218544,64.15769871391264
45.43200134990142,64.13931331485632
45.37131636019767,64.14957541431346
45.30664560039117,64.14811624791862
45.46303145967962,64.14322828232694
45.267336516056446,64.15974186131945
45.2114765043441,64.12543048085675
