train_ppl,valid_ppl
363.1839768075324,192.01375816463306
210.16762749637252,145.5366160120356
174.95878914339767,127.84270989747793
155.6033293370894,119.44181754949977
146.7572526195328,111.87724747538147
139.8315980086782,108.13550806774256
133.63927307084836,103.58465425079417
128.7200652330616,101.2091154975516
124.04984582169716,99.02112007473471
121.29375407193444,97.55592622296834
119.19632951896493,96.21146321942273
116.37690064488037,94.53143526716107
114.40322081843027,93.30265824423185
113.40187935130886,92.75195720698288
110.41419927872197,91.23625246395609
108.73052741557605,89.87190443440282
108.2565298657813,90.01146650402299
107.37964574200906,89.74609912712847
105.74007845526273,88.60494953558853
102.77972483169721,87.61023574839007
103.83398420326843,87.5690934183739
103.36875234056546,87.06229994084555
101.69301719929952,86.65148751438385
101.19566177950196,86.31094128833061
100.88303221566939,86.34916823176447
100.73778068833177,85.4533187648056
99.06968754236028,84.59915036405273
98.75648776591682,84.11184087890491
97.99950515990824,84.22869437222437
98.32716080421068,84.84466694499217
96.78998365355123,83.51420029577243
96.22624779615907,82.76948539105399
95.81887198925692,83.61668656276014
97.0207590192108,83.44261374312696
95.84354936606063,82.88192883231206
95.45932427189757,83.29090913600359
95.29637765867228,82.8924242211734
95.20787100354684,82.70066914201782
94.02664017131998,82.3073483149394
93.37529065035284,82.58649909901169
93.1317377353449,82.47633249103151
92.9811409600375,81.83978638322138
92.84583080998388,81.97591853418314
93.76033078767043,82.37983474554193
92.80045922746469,81.81754358917117
92.39814330017799,81.92453187730419
91.45839684867127,82.22251853547158
92.21059643104806,81.99895045845307
91.9226965032699,81.75060353209255
91.57447462900983,81.68455435823806
92.01247960911596,82.10452623544884
90.73572599812132,80.91390399400532
90.65483779897242,81.88823268430741
91.34381731958221,80.96210913949153
90.44814352755378,81.09413737432195
90.30313085255558,80.85187178706374
89.5600178606609,80.84414792345667
90.19621435227634,80.61904007090988
89.80168657002746,80.84083792207886
90.4471705326848,80.95971508122084
89.3963817053685,80.496329621466
89.37748056874106,80.6078240658444
89.23832429520141,80.57601821966404
88.37012846316857,80.43745349407841
88.81519705860585,80.56380029095166
89.69774589995615,80.91479358066779
89.4534098193797,80.99471220837343
88.88544919838634,80.36122262795469
88.26155423101248,79.93574170474055
88.27977421599253,79.3797499524636
87.96835695853062,79.37006039790415
88.53215396585058,79.57339747405432
88.37936803462837,79.6863324168952
88.50867474455013,80.13703413376471
87.89729311118876,79.8265084260448
88.34119791954281,80.48891434974736
87.91818654282086,79.15535863836949
88.00757898743083,79.90150506340738
88.13477140998054,79.4860816823662
87.83133556695317,79.64903198557427
87.43848021169191,79.24162017754468
87.1229426341184,78.98668049541047
87.37659733549773,79.22089442265215
86.87548549825607,78.83240702566573
87.34288285544193,78.79921053991143
87.02514498968702,78.91242285890425
86.86263615140953,79.28404978460549
87.32685248500106,78.70734327163827
87.85395581824565,78.95844778008058
86.86973226025381,78.68332677877933
86.33950678073936,78.50407639065519
86.90224159993039,78.40916440277394
86.75912228220983,79.28924987499113
86.89137459125126,79.10142164638863
86.88935908582417,78.91263227435262
86.66793866355769,79.32611115674617
86.69294048448715,79.06532420789873
86.22012233424937,79.25724316990822
86.73917496144541,79.3797499524636
72.98601514640045,72.87133358574643
68.63993663618174,71.23754751452871
65.7483293212108,70.1525769226131
64.22990231140511,69.39455443188068
62.48798276969852,68.87724849019054
61.50984923958996,68.36423943390793
60.362653699688224,68.05576719127173
59.86207990783566,67.64195052199224
58.49662049800833,67.29636419418735
58.505726103222365,67.09557328390488
57.36385799183788,66.83507561630569
57.14430436826001,66.66686718486835
56.59620712880822,66.48362989289625
56.30490818961858,66.3107751478873
55.46892788740064,66.20904012528878
55.00669910191554,66.1482997438044
54.82677307646815,65.97871806345285
54.81514416046622,65.88078924228654
54.098020275554724,65.85769045913815
53.86854245863582,65.69630030213565
53.59324650128711,65.66836160634092
53.25340009965999,65.59038543246092
52.94631440693474,65.45584965970116
52.930012906012905,65.49164258231548
52.37335023283855,65.32973771684384
52.57133914249075,65.3588703522132
52.13660382559073,65.2029541385918
52.12847196176056,65.19823296859781
51.689283416855915,65.18688872751686
51.47537005320694,65.17495345486164
51.17731583902555,65.10378259777971
51.160561449343454,65.07639193456578
51.09727458454217,65.052983289398
50.720029524218454,65.02260654478087
50.84027712019432,64.99448618877884
50.742336771338174,65.05263801941545
50.26921194075299,64.96812670310018
49.808468195549224,64.99162800811715
49.79197781171648,64.90493215246427
49.85113413601942,64.81967891452365
49.53240293045553,64.90645774732002
49.74519829773032,64.8701484800263
49.456364125217696,64.79842609777181
49.27510889153097,64.74040333726968
49.09204237200884,64.79248147058634
47.351061961722785,64.54290747120501
47.25838172215656,64.46111110150167
47.104386218038215,64.41730897426146
47.18602419275912,64.41076442061741
47.133294394601066,64.35826113020991
47.10592226118433,64.33911089738052
46.60593611433062,64.3071414927698
47.15361200647538,64.29575729678959
46.63968082371946,64.28605672473535
46.8660217843602,64.27448132450779
46.80872400649603,64.25986274546548
46.27340664739105,64.25357777874581
46.44265231511759,64.24247096878527
46.52025013926408,64.2214804455509
46.7029257820691,64.17874138263322
46.41786583571939,64.1739727281775
46.27149331309398,64.16862057890862
46.25295517941947,64.16343915059296
46.029513148059856,64.13872973768608
46.048875061160395,64.15621504050442
46.09564961940062,64.12010668858152
45.97932773854219,64.10763761773694
46.06607700157838,64.11077288685769
45.90729266796927,64.10389493909898
46.300870931518865,64.0834355850666
46.08873886447856,64.082172276121
45.808012896268714,64.07320835685309
46.04243566359659,64.07512735602671
46.12703996154258,64.09859723512325
45.89315839286196,64.09371304278706
45.59559438481983,64.08999547420657
45.743719231060474,64.06329849115457
45.71211336061313,64.06390566923444
45.78336503908209,64.07051213866552
45.456368360106,64.0423907896405
45.53354282696062,64.04588707285194
45.511322250620395,64.02908723478625
45.365596985846544,64.02425688337678
45.35036409097332,64.01823765899265
45.665835448776626,64.0034104520735
45.68309394781316,64.02272775259316
45.4593330131718,63.99176464580652
45.21992787833329,63.97289323538448
45.49596395129448,64.00294943195836
45.29854349371571,63.99086703621126
45.307681312458335,63.978859686311765
45.34839745344661,63.96857639427963
45.45694905011883,63.977865239182
45.131949930173434,63.96171370168013
45.40152661349286,63.96942518834263
45.104997057298704,63.963580863150625
44.89608001915706,63.95473051596609
45.08706268013659,63.97534280847658
45.136365244027324,63.960016329458725
45.19134245638319,63.956185283448306
44.97311965097449,63.94840266245927
