train_ppl,valid_ppl
366.16544409546157,195.17378100870258
211.87442593744078,147.77620517997212
175.5118304775956,128.68090943279694
154.89473900672385,118.57323106425248
145.91269383798388,111.89137213991366
137.3714918853327,107.39123062826971
131.57225351130683,103.72647643209918
127.46333963254216,101.3296285545678
122.89794816898662,99.0307307432128
119.8200924924862,96.95126400124938
117.18976409344664,95.55671921687677
114.83805844903642,93.5132169614021
112.6246411881122,93.19328165729866
111.4759183095993,92.0539360228993
109.24405336141766,90.98265654048926
107.77057688615835,89.9354357769447
106.7679064769818,89.2645666467743
105.97640975108246,88.56726846801558
104.07452186691705,87.81204283832285
102.89775240029567,87.72516465165435
102.57672641836362,87.38275083203186
101.72871414801338,86.61063124396115
100.81770074560627,86.67080570633301
100.6773491634769,85.92504077021817
99.82178123756329,86.22198521982585
99.52533978690401,85.80114970970237
98.62394559755104,84.8209643394778
98.4746634347607,84.41234306981627
97.31782087595835,84.55753070047625
97.21707612361156,83.86634642489042
96.44802686071813,83.7744787839443
95.99513554444049,83.71917164295367
95.61882067205433,83.40930990326538
95.57026267094099,83.37955959911771
95.17449423579447,82.69032342681318
94.71583301647999,82.82473033541318
94.32401510054594,82.4744251916149
93.96887621590113,82.60500498629972
93.89419596005094,82.63667188041957
93.55366343534949,82.53385359225288
92.63622752352487,82.29393190284407
92.46401776849932,82.04039934854148
92.8126268702904,81.95078040592222
93.31237434101551,81.71215096730424
92.15481557244114,81.68783696800512
91.83287751803307,81.79961725800547
91.41622323694789,81.38820881134957
91.80858465359995,82.19060527636744
91.92278920919233,81.60475941529413
91.02856813715903,81.13961985200214
90.9537785123238,81.12248789274919
90.65578255178264,80.87688745689164
90.39169673631739,81.5187067485954
91.13892233531713,81.20609040174001
90.51764850804032,80.38023547775717
90.07164850898711,80.89737173229216
89.83819240644907,80.65755921428061
90.17881145518632,80.75057007552824
89.5293132823876,80.88973552018868
89.85510667270155,80.59306532559539
89.43485741189359,80.56095988797813
89.12553734470127,80.36302012475537
89.15295645140418,80.05969179988085
89.11493155937387,80.21959065036113
88.59345544326713,79.99610054762357
88.88228187761176,80.49025698204491
88.60402895275631,80.33624463107637
88.74538828278185,80.38620839094561
88.37327753335242,79.7290001433374
88.40822191694602,79.487467855346
87.86701088530893,79.59376282810807
87.81430039857838,79.89184268360992
88.25214896804071,79.65087394508943
87.9722014825014,80.01062863643158
88.24891521328156,79.57421198816009
87.72734560641679,79.58380578167987
88.06191528400093,79.44866414804268
87.33956497320574,79.30858036835318
87.83597135797923,79.61835905337138
87.45791212497176,79.39473799056422
87.46102868831963,79.47059435008005
87.05566386006561,79.24582606482568
87.31822196573314,79.18621344207382
87.27255899680782,79.39853059334797
86.91930437668917,79.24696770132086
87.12121463510294,79.45179666349557
86.88524058967717,79.49301278900687
87.1054299256842,79.27193760176995
87.38966960144072,79.37953929739548
86.69454341128171,79.50974033959167
86.87609881005923,79.40214276443247
87.35448175274615,79.1668827612218
86.76612242923662,79.23341933938092
86.67155153455543,78.65630580156451
86.45809738534047,79.30244701096487
86.5539775060202,79.12979548058847
86.0618941771884,78.36289520282426
86.39333597646909,79.02576787275233
86.23884861634659,78.73673988469388
72.87884725894493,72.65983089927283
68.5988063892745,71.0067706336086
65.74446143894538,70.01218690146345
64.12903721662113,69.24977413942271
62.205702787022915,68.67028283000782
61.519299798074655,68.20523911578586
60.30896383596288,67.79364905089588
59.58240745691031,67.47808088693905
58.42154839827561,67.11144758267164
58.35159418669828,66.93213918698636
57.12394498165713,66.6428358995619
56.74616014056315,66.46354487805667
56.42155089291705,66.4027975781367
56.25420343606857,66.21466287137889
55.499443054580446,66.07714315712516
54.86353740668202,65.98822374967948
54.68365684589988,65.89033077899953
54.65296553998273,65.71311406726501
53.95198161828235,65.61468395683916
53.781164234152826,65.56999852956174
53.44251562311224,65.49782517236287
53.152848010811816,65.39922166678495
52.73232179900026,65.31993067060306
52.72606446868898,65.31272491595954
52.3713079159549,65.13481459340692
52.40558008335425,65.13765437677031
51.87551251236898,65.08798837597513
51.79667769951714,65.06006172789941
51.47019622398248,64.95226689533492
51.27943997720828,64.85640250963253
50.942396588043444,64.82390573890353
50.94277334988392,64.85256694475378
51.045716458820664,64.78140430239412
50.53359939619004,64.74631864040092
50.63549437242982,64.81105409891869
50.63433686908758,64.85185394808124
50.10213773824935,64.73117556188761
49.76409888732234,64.8493216439512
49.64085596925986,64.75999217682146
49.726605787393915,64.69893776061143
49.31599164084256,64.68402646430306
49.56889974628034,64.69040258486095
49.19609111469773,64.76009038142125
49.174414031673784,64.59725114447403
48.882764064435705,64.62434213836224
47.14375322600448,64.40131506308097
47.099097545407844,64.30767784293538
46.958879721495705,64.26551486840069
46.970705165968795,64.23234011508742
46.92430462313147,64.17842508335578
46.73282868015586,64.16696636853467
46.377265223290024,64.14045616886226
46.95490173666094,64.13379385984318
46.49373418025362,64.10182926850028
46.63315880886735,64.11009235029888
46.58323918528418,64.07464152801779
46.134685388525305,64.04603275546128
46.222893168147564,64.06492574136368
46.33927042636886,64.01156377748654
46.493390322553914,64.01520399023522
46.22845643044014,63.998606300197466
46.19118914344717,64.00709873254458
46.13104085859365,63.99149778758464
45.92888824317638,63.980072447633184
46.05053149412279,63.9795388298196
45.88047828315052,63.93431876914616
45.824138939411434,63.922758235669825
45.80527187937716,63.9352155855303
45.783026435120405,63.93448843614587
46.08565570049059,63.91473737497899
45.89107565260662,63.906717520724804
45.69470564612738,63.90666906544968
45.82547918123704,63.8901237374068
45.951158217318174,63.893006143776866
45.646527174060566,63.8929576988979
45.46064730267394,63.86336474441506
45.54980193576355,63.86055630565647
45.40473191089232,63.877190842497356
45.60256916851514,63.88101715665366
45.18967135365433,63.881162464239964
45.34638516844554,63.85130869928847
45.31659246050139,63.846927447633014
45.26271058043677,63.82829233326832
45.22614581480767,63.836786366568845
45.44141050872599,63.82964743089403
