train_ppl,valid_ppl
353.7581116523236,187.44353393364204
208.60806039906262,145.26662293929212
176.6971017176847,128.65573926752302
157.48711866169492,119.21652824928914
148.74326550855972,113.40102279978818
141.49818921005297,109.00397575970511
135.62833628503319,105.50430353698479
131.12623305330231,102.63555514181196
126.27622162319516,100.20782705193957
123.5597724404504,98.22071933315482
121.13515872611809,97.36224659979105
118.49101769275595,96.10647345488788
116.50353177880648,94.22051748353668
114.58697298179943,94.31221933748313
112.0564921709141,91.76678606639533
110.1372733694935,91.94131762701734
109.97108162450783,91.14588282027808
109.3743944062903,90.39052926562155
107.61544484004892,89.48548320697324
104.80209045484547,89.0426426408658
106.0514656040695,88.42347559789718
104.52015900283013,88.10645608610085
103.78404542132809,87.96334466971398
102.3442262843627,86.72493928609848
101.94250799764384,87.46398440089733
102.52522091606747,86.47732566841785
100.26754362560347,85.70661030588795
99.67437176752654,85.10457486192364
99.35091020473395,85.9934429141228
100.6496677275766,86.20897654529661
98.6374073405506,85.32062999192847
97.60076379690652,83.67998347708625
96.64828595335247,84.6508026022807
98.58257716086577,84.26072816012844
96.95854804335578,83.43812185143686
96.62262180660193,84.82308669089862
95.86111089915084,84.16048353168199
96.64854587830763,83.5490030181175
95.33572611108237,83.70032095559327
94.58324472258212,83.40102554307892
94.6286290188925,83.2439998515709
94.02249945096669,82.17371870153076
93.43300381690167,82.05333892511028
93.71331515394994,83.1487474324906
94.74544971695005,83.1596549273222
94.57653592773309,83.25087990960635
93.31535445606646,83.15924508228318
93.04370881836628,82.1229863900074
92.75351955912713,81.6089979140107
93.41098822286098,82.12694045343714
93.1612975607236,82.48268005099327
91.8495497837456,81.61240124750292
91.94807051269517,82.39542047967088
92.51227262488908,81.63381456423642
91.69372053229311,81.75094444958083
91.29558880167167,81.75457065993828
90.9437500604101,81.24689210418721
91.25787717947082,80.9429279691577
90.61998025757927,82.11358457855025
92.19726793499014,82.02276624042497
90.98836680822731,81.42561372109074
90.94720485953705,81.20839938487967
90.00439217013925,80.60085687033941
88.47791419087318,80.44702937049624
89.96031840529616,81.04318056545888
90.54233029341285,80.96379730006218
91.17998713988035,81.41693993015961
90.63503073320132,81.03989313808039
89.5293132823876,81.10680471100221
88.925678013608,79.9837582946476
88.54129141698512,79.99513008037482
89.49840862171945,80.89678902403696
88.66263800220523,80.45453228663321
89.72482827021696,80.66774234795251
88.85676814633024,80.61934570596722
89.7107733693825,80.82821212434064
88.63814084366255,80.29459130047977
88.55763403102104,80.59019333831971
88.88482170134318,80.48360506869666
89.20985926852849,80.39065789023117
88.94723451784033,80.47878430078887
88.59342566051566,79.15709915353227
88.15151313582533,79.44038164934024
87.50528999181091,79.31035431995349
87.83933762709101,79.10166155158579
87.33883094548995,79.34373606008961
87.79387436336839,80.13323663440119
88.09134664358106,79.8713405009962
88.66597633860513,79.54055235378156
87.92915240957433,79.5693853595874
87.63540953327585,80.3887378706061
87.30803670201047,79.56253808261773
87.9193096684623,80.57256646702797
88.11462629237442,80.34069136479165
87.54663056090598,79.44818223355045
87.43665777263429,79.8664655717438
87.11758302006814,79.18044976392984
87.247800641128,79.56030605800869
88.35010775510995,79.7405775514696
74.17394252547132,73.91311865340359
69.79503310453318,72.25734526645891
66.81102073085984,71.18657685470197
65.3050110995503,70.45960051419434
63.296702111419954,69.78606749248524
62.60872026771543,69.27661015994445
61.32844062794397,68.96603431797766
60.61877723905308,68.49877998917054
59.34664114279977,68.22370369644769
59.307251473992785,67.98121854272364
58.07659669189178,67.68142770588784
57.79545329928432,67.49082171879978
57.34023971165674,67.37225619460287
56.92733254251006,67.12282138432244
56.24584532315401,67.10404419721046
55.70365026861603,66.94921848025433
55.555499614483765,66.81556834590955
55.405843103932256,66.68092103547946
54.77732578216274,66.60462101329819
54.390699450442966,66.47375043210533
54.01678851222783,66.39627784917953
53.90872356948949,66.32324528807109
53.567831078860046,66.15276368087234
53.542085719048465,66.13643917245984
53.082635209869025,66.04618802202009
53.05938831099462,66.00403623980637
52.67337637450974,65.98179475410586
52.55271501386519,65.92918559179908
52.20368747479806,65.89065551529508
51.88630847784553,65.81832882725553
51.653534827529334,65.73603753608879
51.72297015917863,65.6025211343864
51.61942477274732,65.59804458954892
51.29230171969294,65.53875920048179
51.44319347179392,65.58501460903628
51.37169862666671,65.61388795676689
50.94376664445637,65.5534450499123
50.49296334422305,65.4276659600003
50.22502315017444,65.40083326214803
50.532121457612675,65.46743926144018
50.10796575597138,65.42399503356611
50.27014140359404,65.44790936133522
49.893283118969634,65.38744582916271
49.822987600744966,65.36246328587144
49.646146325472074,65.35869690524096
47.97903842739201,65.2184795578821
47.85077278407387,65.17900576616087
47.70976062772629,65.10439963734278
47.739521785510355,65.10938553154682
47.69802170794576,65.07900712175075
47.58103118339693,65.04908677738317
47.23987698245159,65.00986338643077
47.714123366884785,65.00653628048649
47.356554046771656,64.96756021471626
47.545358660961625,64.97191983954207
47.434355296123485,64.94539715581416
46.900238605106814,64.93074906298685
47.03294434948028,64.91563667966048
47.17408110439707,64.90165962639996
47.34035024915061,64.9198451496094
47.057062643750605,64.87361617056891
46.993148539854175,64.8697304021987
46.92630805273948,64.86950906796903
46.71721522052004,64.8436181754744
46.83858442364532,64.86114810575529
46.73081780112519,64.84996085702306
46.759889701086784,64.83427737111342
46.69352226243698,64.82044070553351
46.734415450467495,64.8161403897953
46.92086586464022,64.80021941883248
46.66427200243794,64.79095855468776
46.53643918305216,64.78061841119727
46.746435806908345,64.78788826856433
46.84507217659181,64.79439744788428
46.54679686844702,64.78953392383366
46.322340204918824,64.77543667980218
46.456206186322696,64.77970973638584
46.37001606814188,64.77560857893566
46.38493653102427,64.79049186181997
46.13231253420551,64.76468161268429
46.25113598105429,64.77489642835236
46.271088878575,64.75810176730107
46.09296886724075,64.74047696842662
46.09723025153856,64.72477088481408
46.27345331506956,64.73220625877369
46.39806801401009,64.73105286097052
46.14468993978327,64.70207741887062
45.81956392641355,64.71250315825294
46.185086946008155,64.68586566535039
46.006864940199605,64.70266612175583
45.879429477216746,64.66247492556008
46.08677119329649,64.65945975398213
46.08207701000582,64.6701237963357
45.81397286415059,64.65083174716179
46.03206641146636,64.65043959239007
45.79337037714197,64.6374018005917
45.68274072811356,64.62532213399692
45.76174558492745,64.65151802373616
45.835524540126784,64.63576000948098
45.888885020410314,64.62735567235086
45.60195595794474,64.63264807211301
