train_ppl,valid_ppl
347.79168048428835,187.56907079734765
207.68937263720167,144.74789226493985
176.75508646156246,129.14020069315097
160.4424100144855,119.749675227822
150.98920985737664,114.34645397832831
141.5606120820211,107.88764859730286
135.99747027802712,104.50797561312527
133.72191745287327,104.33996365164424
128.80936685266042,100.21610915836118
124.59454361930617,99.74935512176054
123.77762075723291,98.62126673015575
120.67960073593471,96.63700332835069
118.66334318545783,95.81964970509298
116.6151673970398,95.27424508885196
114.54160412901298,94.05085802306971
112.73297686423405,92.83839332290736
112.52749289729634,92.23604192759998
110.38328405652216,90.82843393594194
108.25976888746781,89.59906761698542
107.88791591162867,90.97327509309444
108.1267576371192,89.67416804834468
106.42722097394825,89.53899861387579
104.97137426202949,88.30170638181343
104.61598606511176,88.08177546650968
103.47733300757491,88.33632737169926
102.63891912192015,87.71246122659517
102.67667395076252,87.77067263949881
102.40593376009181,87.7389675781384
101.12003117210311,86.9442180761426
102.31416038285,86.78512736409536
100.57383659360148,86.74779268216567
99.83241950658935,85.49826406686574
99.28877387031304,85.86183594630299
99.08470904950123,85.36744729934972
98.88122984215539,85.70872232453647
97.55031387080304,84.6760948188158
97.13240182598322,84.9949802991147
97.44864048376395,83.85540981881825
96.79056934311572,84.82488751556707
96.91986564209807,84.1266699208419
95.95609557033144,84.31958964350363
97.18622941076735,84.21039937943878
95.62544266771242,83.70127290873081
94.36622951313527,83.36786472412936
94.50779026780803,83.10053201667833
93.40872728587931,82.76625344783352
95.05244715948093,83.79356854116384
95.68351727718786,83.20380390920519
94.00173538248553,82.76035469239004
94.01077366750862,83.40453522880524
94.48323447693582,82.8904758748861
94.25510444539032,81.96659570833475
92.253446646829,81.55802677790557
92.43551819188724,82.40988442938142
92.64046290904415,82.54812277918384
92.68198616761343,81.50693297679143
92.85709913103112,82.16231755260658
92.632428298336,81.70332275511558
92.37376301122819,81.864207680529
92.77422622616524,81.39518235071255
93.22461343853264,81.8820860820577
91.37139668689925,81.70059704372773
91.5678561156266,82.17954448935905
90.6547463718036,81.75469463578537
91.14330374249906,81.19676277821485
87.58934512952978,80.76936883698583
90.15798696657906,80.77751428442491
90.66885772258271,80.8925568479244
91.43435673571712,81.0603879683382
92.16274679136801,80.5671905804367
91.35410486272445,81.22496441532628
90.93320303434265,80.72589951537921
89.45001176484219,81.19279193694153
90.35569498412217,81.55354358426837
90.04869943134591,81.28398554204519
90.52403895358277,80.9446771035537
89.78677447606556,80.45160423610842
90.17114190647669,81.27052026869262
89.21102888522327,80.07729754366446
89.86682771043526,81.10637423504814
90.01976407720203,80.18657000253711
89.23574437169019,80.68104657635527
89.2454944743184,80.69744285009412
89.50620148818687,80.1786969200543
88.97071044009508,79.92728722347057
88.50031419364024,79.47345656742273
89.39749366140454,80.8445463586869
89.81886571510151,80.5729635637863
89.45858232716554,80.42537853628008
88.71845242079903,80.13824937156875
87.6623112687766,79.72528242892194
88.84016126935565,80.37267855016532
89.0033776967565,80.23677527792442
89.09345421678654,79.94801593016571
88.93231482714074,79.65706444903107
88.1943745874733,79.85259938763919
88.53453496975726,79.52056237772008
88.22402816776858,78.97215869721953
88.82911165035844,80.03583915854841
75.82440148570306,74.54835468437015
70.64004412806285,72.92030369135486
68.06124808000435,71.76781906302394
66.35449178221471,71.02136241751667
65.46142136844887,70.51373962713201
63.643020058553944,70.02710525679056
62.20932065057562,69.63822629254352
62.04169823094774,69.2584907671463
61.08087806701301,69.01125502128767
59.75656208151665,68.7602355763323
59.44184263322104,68.61586822693033
59.14905926129462,68.44486455807966
58.33096154088211,68.29067324242169
57.57833182819816,68.04547353397427
57.38229664876026,67.92791650122082
56.88679472477906,67.73189146551091
56.36733014018029,67.69423259607669
56.12782991821618,67.61636294100957
55.96648975039745,67.46608419026182
55.5492247397851,67.36173393256627
55.177884490533366,67.21800933568906
54.65816530930176,67.25583673133913
54.85724847983693,67.15535040519435
54.430263644219075,67.06825996599125
54.389894929491184,67.07286226929314
54.128909447559806,66.94594439997255
53.945361940183524,66.92493318482603
54.007836865350136,66.88402085085063
53.35290482210801,66.83910445035885
53.036187251509666,66.63947574787156
52.54610803817292,66.7265406239661
52.486135642539935,66.70913878549078
52.37724141903697,66.68714005142549
52.11147625723599,66.73959498178351
51.969472520161986,66.5811169945857
51.68188153304256,66.55666243715469
51.45433190361307,66.54397181730546
51.26780512091831,66.4578506080394
51.15997669293856,66.51852218299277
51.40324295270489,66.40438355495243
50.92096000502817,66.40642272366145
51.15256462491609,66.35121106078638
50.817499727737754,66.4448261699415
50.51625757532823,66.404408729493
50.28558990212468,66.40999771374725
49.019662205483606,66.17737089694292
48.63033221331195,66.10635846867474
48.307663635490925,66.08593645918386
48.56583225079929,66.02525895175859
48.68424581144795,66.04864186416783
47.99923652735205,66.01509722656326
48.39179374416771,66.00886580922968
48.19682478900714,65.96118616663115
48.09988571363396,65.93888412596412
48.14897021341597,65.92256241281542
48.34467195001597,65.92173768617175
47.81830585976957,65.90804373373516
48.181078544532724,65.85649204063915
47.83353153447737,65.86123590821985
47.95873596953424,65.86465669845157
47.84403316046285,65.84056513256814
47.87429652068516,65.83529861718456
47.623342016341596,65.82673830870276
47.55539734687205,65.82863495744398
47.56447874812614,65.7914606244489
47.826633558584746,65.80151308720191
47.670946613688194,65.79313177112071
47.28913308209448,65.7821329138344
47.587461798251276,65.78427767137667
47.41005956493868,65.79126108738454
47.38282935030206,65.76330693906591
47.31532325931393,65.77405329243648
47.54873129513719,65.75071773795226
47.52253972722759,65.74152041981088
47.37620341480466,65.72796357630723
47.288052074981316,65.73578832496673
47.344790620454596,65.75562848612384
47.173589488259225,65.73426815758137
47.15342178542032,65.70735953891837
47.269853533606295,65.7139112711067
47.2306193911184,65.71274038129346
47.08556188224945,65.69991178512649
47.07003628181668,65.70367291981752
46.897243045030706,65.69806865865705
47.05503781317245,65.67777278073008
47.0097550063833,65.70192932067347
46.6700139014336,65.70205386193497
46.90238291297372,65.70302529187683
46.81218602028795,65.67954063854359
47.11639085800956,65.66918316307417
46.81253223574979,65.65322688493922
46.81492433981095,65.65579058080189
46.77553314773521,65.67463557274881
46.85055282333934,65.6444662721612
46.97634264069305,65.6651501650015
46.63579258968617,65.66039552864024
46.58361502781878,65.6775486894759
46.66414650433864,65.65083751096648
46.7273146794981,65.63570682837882
46.58508710694321,65.64956819141307
46.51989044670914,65.63391526796575
