train_ppl,valid_ppl
357.41861245106776,191.73552194541492
209.2539596351189,145.73245096762275
175.20575722860679,127.50428162513218
155.93716119310557,118.45196700804912
146.6810484861781,112.120202275071
139.14809043630981,108.00243759150507
133.57630171736787,104.52513246886579
129.15859592367823,101.81381225357481
124.37003117455633,99.8114303747096
120.9283841233491,97.76537138801037
119.15217986698181,96.52638929497967
116.15114654447758,94.91549829387765
114.49552192048503,93.32123035488466
113.18581544291625,93.23519300769212
110.26501032278901,91.06440572569187
108.32431476587338,90.70228684233754
108.16933108369945,90.49973848723266
107.78626544183719,89.45621089246582
105.61939423989183,88.4841380274785
102.96325491112201,88.06447977624167
104.04702565636332,87.8237285405215
102.87405996479261,86.93667024703738
102.81559586026536,87.04002364054224
101.28112026100598,85.54323300850135
100.12253876552504,86.2331324043741
101.07319848531762,85.70635036872811
99.29174457787397,85.15792389694536
98.8858172385623,84.32873251853604
97.81584537948181,85.15869872083813
98.75662056319378,85.33877795222357
97.26588227981937,84.12453310198767
96.40630715867344,83.48802072756783
95.58337186453655,84.03607819075647
96.42669471907185,83.74936062384283
95.57977308332761,82.88535382810538
94.94814234860601,84.05146743851061
94.97483041004587,83.449605126033
95.4613781102157,82.96152583791189
93.8141819319579,82.50472832722274
93.59333060290574,82.43653848386697
92.9990846565813,82.59341875087978
92.76593053051768,81.62722287262022
92.43626397942906,81.7601187631386
93.18059165781389,82.3165226556708
92.72639583032648,82.26794772600621
92.39317354725723,81.82644618550654
91.29491359905114,82.20886662124641
92.25713728525656,82.24328127015718
91.44557671806588,81.98151273866297
90.99800249488777,81.74019073737273
91.50797262825364,82.29839339716354
90.7858561563477,81.45559325868915
90.51080210271341,82.13048993236268
91.53160130867965,81.38830137654328
90.2660719466649,81.5070256770136
90.52050893741404,81.1092338681368
89.78704613174358,80.63374242976124
89.8975271564837,80.37798051370008
89.63791019724908,81.28346167963865
90.23263789984131,80.55399674309594
89.56122217631977,81.25702642063852
89.51495798933631,80.69579083576784
89.42060744649197,80.29857909795152
87.70098408334279,79.80224119623408
88.66204188393179,80.35671382984765
89.17507767962579,79.81794445886749
90.08112654922792,81.1742946857439
89.29981453676248,80.21086287753167
88.01571545866278,79.8609551404388
87.81435944024904,79.49837727770583
87.60112400203587,79.88318085374536
88.6727726260992,80.53833186753543
88.3518304269776,79.97020523797684
89.08965054094962,80.33207223491343
87.78859152370816,79.82735579430388
88.87062949909514,80.03829692669676
87.40650486031716,78.79598426439047
87.25630686691296,79.75167288535438
87.81512698557982,79.21909243930047
88.10381500344008,79.58468074492694
87.69526461994323,79.64703909374734
87.29386149710527,79.18240096216184
87.59714845548903,79.25934650024837
86.79763008098723,78.88095702550054
86.59332577856178,78.82412900559554
86.59970118346367,79.21530840767839
86.98331963246623,79.05369498853506
87.09032145474056,79.69639293177732
87.57694957690978,79.65670206481151
86.89181275079137,78.90276043621594
86.50499179195535,79.37147463804477
86.56590815497741,78.27566133175164
86.8327103837851,79.28606365197774
86.99147838571564,78.87434840256304
86.83306067458392,78.61486781511611
86.26073975073628,78.95458640122021
86.49868151656698,78.77259771694385
86.42363327758314,78.99847955084815
86.64061392063329,79.03616447639443
73.1768840937215,72.72241488336884
68.62731581769374,71.09067392434713
65.86650874700052,70.07108245548027
64.27212928869858,69.38311133537609
62.38972730079513,68.75361470901579
61.55771667924944,68.31167297361566
60.311721199026366,67.97181229344848
59.7759908789465,67.57318342924813
58.59622979272533,67.33178513220925
58.47585793992882,67.12750377768265
57.336249664859515,66.89221146011425
57.02649338798894,66.70845595705715
56.567922336043935,66.53315011912503
56.37148016617423,66.36172642377477
55.45775935473103,66.25139817753764
55.0769757558062,66.13363106105771
54.85339433261145,66.00263498010347
54.79520935099721,65.82983286901583
54.12241361706921,65.8543698947154
53.794599198030085,65.7015058821502
53.48601090793394,65.6470296259303
53.28934228521939,65.57494550044792
52.9337141163733,65.4389776770158
52.746682786150714,65.40326312715555
52.44500493577985,65.29368673017981
52.48077200723257,65.28643436919116
52.05947231265367,65.2347753343225
51.938663252446425,65.15568371533794
51.59213560373267,65.14528536448981
51.4349276854631,65.0836209629345
51.09502437625562,65.03946980370584
51.12394108364632,65.00848323292732
51.010858822692676,64.95692100270298
50.55031840070773,64.90461227421959
50.8078997144393,65.01802167791665
50.78136392137624,64.98036898484034
50.24875121324394,64.93340763103717
49.80290940533463,64.99569356147528
49.77233041444763,64.88082267353776
49.95536426365925,64.87346860549313
49.51410634213532,64.79702586788702
49.66101908449341,64.78052017546807
49.32108157081247,64.80727035400632
49.2312974501418,64.69952643492991
49.07979835027349,64.81112781042874
47.29528575488056,64.62809070195769
47.09422109211132,64.5267600620155
47.101852648069965,64.48105544955958
47.08196885679249,64.47074032276645
47.05269671142711,64.41577045597252
46.84406431135715,64.39233091333979
46.521860970473355,64.35067354099851
46.95157122284924,64.35638244762416
46.71072947206777,64.31996636283154
46.830098161742214,64.31535789271408
46.697572294168474,64.31006709347413
46.21318237352106,64.28045153380046
46.33793073544337,64.24239790402456
46.495922425200646,64.24792670567223
46.570822426771464,64.21982487249622
46.393544874575404,64.18312107131464
46.30470010881918,64.20358791085643
46.28036065045968,64.17990927039237
46.04175462612996,64.15473140140672
46.144100464221175,64.17022617681843
46.02821335927316,64.16110399573802
46.02097235076269,64.1527370553683
45.965588497781965,64.14536824132492
45.8831158275571,64.13058452731417
46.248943708866555,64.12912579289203
46.10308836091132,64.09769812699203
45.72519271280339,64.11402984040194
46.04353463166058,64.08703129299549
46.09746270201255,64.09854863436126
45.81931747403344,64.06400281826127
45.64387254119776,64.08627812125286
45.74052075669745,64.07583181318276
45.64134080976411,64.07301403102754
45.714387761781424,64.05487145364799
45.37430597344556,64.047149666475
45.39394164440413,64.05555140403014
45.49756990523569,64.02753371518237
45.424731970691134,64.02054334339797
45.2238957048551,64.01027761847402
45.640374185716745,63.99331729753454
45.782780179266666,64.00542442098907
45.32728815168291,63.994287723994994
45.03611826417159,63.98291039896136
45.392446166270744,64.00746271911305
45.31724753710854,64.00260973505107
45.15881264052294,63.99305043283774
45.30233546476169,63.97068627460445
45.44891173712372,63.9799026596643
45.0393431872015,63.95754309628739
45.34124814883804,63.953784934847555
45.118479064911625,63.952742387255135
44.87074624992386,63.96542382921956
45.10912160821482,63.93899689564597
45.15126822024654,63.94372384778215
45.19179822239786,63.96122873359194
44.86477324570625,63.933058399815245
