train_ppl,valid_ppl
361.97605071017847,190.24122453414483
211.12637527373474,147.4571049436369
176.25511906987364,128.83975104896697
158.18496616008082,119.69956605213619
146.2688525879718,111.47567565058752
139.0305872736738,108.25486993844585
134.1120095065552,104.87915919949269
129.41163281116076,102.30721314036292
125.49277232007833,99.75979286529947
121.19006497342156,97.2234865526231
120.01121374855694,95.76466770358537
117.32335346805829,95.62452297634427
114.71771102409207,93.28193259637476
112.65406333850909,92.53872718446969
110.83696752538563,91.07238097698492
109.27957214812896,90.9197986302592
108.45705859313284,89.65795326352107
107.18914437788068,88.98206958908678
106.1690029550109,88.65040979275997
104.84282617698891,87.74089683480608
104.1590499683783,87.58253975376743
104.03223108424255,86.90253192301756
101.91235454834883,86.25883199095732
101.72218244800563,86.38639685272697
101.33731506297849,85.64210509451362
100.88832296717162,85.8178707488106
99.69434445587636,85.22623232362173
99.1229558915778,85.69254234046858
99.50225660671514,86.12606788245131
98.17242016419407,84.41906365762445
97.62202749399559,84.36566575486019
98.32497920048237,84.93513214464541
98.2990020037364,84.09672751354883
96.85039341659329,83.12589677202686
96.94427253800971,83.65508393600787
95.87990046830933,83.16819908001165
95.77191876721528,83.19289062364747
95.47774621347986,82.68499432105533
95.0783015397437,82.18431135024406
94.91718593435127,82.44975934244226
94.77325962708247,82.54158242896807
94.41024014136701,82.16935741948623
94.32889844649915,82.01748015642231
93.70200593026368,82.41110289097485
93.3065084978593,82.2531033087583
92.55604089797208,81.62842976226383
91.69683390842746,81.13435992491782
92.20086333950495,81.0786748371133
91.89488894743084,80.86980502976775
90.75885016575415,81.61209184768434
92.58753450538434,81.47949834482215
91.44385520670666,81.22767425856483
91.64099415180135,81.47943656553412
90.94225200246645,81.18725155271078
90.49361230096311,81.39629323516019
90.83259397090619,80.65529647026301
89.82985726086034,80.88096549932892
90.79458523396164,81.25086559130094
90.68595886836327,80.54486616261151
90.41114668605006,81.0754781793598
89.62817748424558,80.1830741369024
88.61317382214689,80.32528113379358
89.56959261755343,80.1033793707172
89.01199523561887,80.83970397129295
89.48929273177059,80.36579261390483
89.7165036424999,80.3502252603782
89.53018611028475,80.24870022679808
88.73942171690216,80.32911818764052
89.69822836508624,80.22272314882935
90.01210805519102,80.68242300107372
89.13386706659011,79.50582185893353
88.42650190541578,79.45565223668179
88.85210834957947,79.68010943091397
88.84284922233967,79.82136388327307
88.27051538231495,79.73196234883038
88.54292851924102,79.57137630839807
88.02346799644124,79.44694734100666
88.03030381565328,79.76267904664488
87.85977423973858,79.28618388448378
87.75507208491665,79.95874605604106
88.301738153752,79.88290829392149
87.66646659928792,79.61328828940032
87.91721120850904,79.91659161637467
87.5018776928007,79.24276175344872
87.36358576357645,79.17141484202745
88.18755567396865,79.42345791907292
87.73990992490079,79.0527359540152
87.89504743675097,78.78293114623776
86.59248158205409,78.60816228054318
86.82269850254875,79.02415008046472
87.41940527206377,79.690350428165
87.7157561757565,79.24955146569806
87.13047008049197,79.32884787298835
87.37618610492714,79.69853813075382
87.06257086097136,79.36792404037077
86.29287613964914,79.14560645970427
87.0352094747685,79.08097240306465
86.83612577935162,79.49741284855311
86.91144456509522,78.56549868018384
74.45469543383605,73.00552703110903
68.72333385455774,71.34822639108945
66.02344261179711,70.2833890771184
64.26495630594472,69.5911964600514
62.994121585055126,69.08947383833464
61.8052587857109,68.54286278285963
60.84315025307003,68.14770514076501
59.93191075761655,67.83498921140553
59.171373694325254,67.59739643509505
58.65409310870073,67.34107728195772
57.618316463256626,67.11493330809361
57.492531276112146,66.91349144460688
56.76604138276021,66.74809686679211
56.79133229331138,66.62295536135059
55.831996655864586,66.44097223191268
55.45703226614113,66.34059676252154
55.11739120181413,66.2299521263102
54.60393198840303,66.1530395520349
54.308224897024516,66.00406126257147
53.835105208941926,66.02415760547834
53.87605828722862,65.91046745605716
53.47669778349835,65.84940184406571
53.07519438059891,65.73805618099777
53.0728213858569,65.70088318339698
52.693283234999164,65.67284294975562
52.45181079346804,65.59098221776807
52.66717915466437,65.55841562572714
52.25543144086774,65.52425052695418
51.71578946204004,65.50010965048112
51.48966567578745,65.41206594502955
51.702404383426526,65.41618259879094
51.46405405850068,65.3727228180002
51.022058015881406,65.21578459420263
50.727600609361694,65.21247167219002
50.77899106055805,65.15548610650342
50.33599107224756,65.16109348995569
50.19374626072884,65.0993400855584
50.03484464699595,65.14706358713401
50.33184544668056,64.98884386677761
49.89729197704182,64.99736913625524
50.18333620664857,64.96687058335063
49.60640734889477,64.93003520677101
49.55542061210892,65.00190326106404
49.205436205822366,64.94645588550918
49.06452235865589,64.94992765513096
47.649188679076694,64.74737412474916
47.38717812408,64.69197218785465
47.03253325952268,64.63968077378836
47.35343382755694,64.5999940193861
47.08150985567057,64.58461583209775
47.086084239174404,64.5534299268034
46.98970473626732,64.55017512358624
47.204730002395465,64.50271769743918
46.850915072581195,64.48939186425856
46.79121328777878,64.48442900076404
46.65227277355899,64.45778764329748
46.51967150477647,64.4096167502617
46.777483049506486,64.40651570073143
46.47343530346915,64.3923797368532
46.33442591333352,64.38359210079274
46.406663193881194,64.35760236513757
46.743512926000655,64.35816353495888
46.44455711344531,64.36533718024334
46.04211062173092,64.33811085073268
46.47235732005012,64.33086707449762
46.177728116239805,64.31365113572494
46.35344859918203,64.30292398599899
46.35115798521438,64.32391674289956
46.08768529780685,64.32645291723745
45.99925615930565,64.28598361040328
46.12446592441475,64.29112618784646
45.972078965968976,64.29071184172582
46.18885996532316,64.2876408890157
45.89480922451006,64.2700223054623
45.89743216326863,64.29490417270863
46.03530074843314,64.25089832868784
45.99658101303221,64.25820618294905
45.9161056467266,64.24980222223301
45.844107978878,64.23182874416173
46.218293881483135,64.21016009936723
46.154820788571094,64.23185309506587
45.71392672537341,64.22647176966505
45.75543862952345,64.22673960777865
46.06138492610143,64.21320300705885
45.74416518996265,64.2024439319697
45.74888646980722,64.2275918273893
45.70238696225211,64.19217337506008
45.49669809463375,64.18927747235318
45.889347821316555,64.2205309204911
45.50095024113723,64.19324416208609
45.47680394145061,64.17465394283441
45.50110320345194,64.19699205734044
45.447353335238525,64.17166151805
45.53909966600083,64.15638529636588
45.13326992719611,64.16304995221526
45.3672745942612,64.16139588544716
45.02272140878348,64.14264466953601
45.07872706347742,64.14128292700727
45.2085280153641,64.14218264650908
45.22570490606547,64.1321405472713
45.34089757227532,64.13561741578556
