train_ppl,valid_ppl
349.31588374429913,188.85949980372047
207.4487042932103,144.507080449866
175.24062920373305,128.19088104443634
158.4344591365079,118.47361380867463
149.42130382713148,113.24348282869772
139.45285411720857,106.94736049592319
134.3338751801767,103.55269345836098
131.0036126045421,102.59754699503307
126.7696537173733,99.55683116025764
123.15999906903626,99.23239419278961
121.97096512954182,97.04632263458194
118.0924779036077,94.84478134227967
116.79477648666087,94.03324581668522
114.55939520493556,93.24950937921915
112.39520794745455,92.76996248846902
111.21019884566896,91.90002274335185
110.3997240873067,90.79025473791553
109.0591163951993,89.7170816858337
106.46497345066547,88.54638622461424
106.28066797776144,89.54663658470993
106.58433065638923,88.1262322884619
104.89708282258928,88.18505262274766
103.19154134871746,87.1800464132688
102.44749454637655,86.71215058890101
101.37561349630823,87.04276249306253
101.38542894726761,86.3684517673698
101.35400921999603,86.23365547482138
100.68560769176476,85.73868610231762
99.19419164557085,85.35560303824876
100.43422966153653,85.6234381788366
98.98662743777919,85.43479016517473
97.63259543672953,84.25772547325782
96.93309478553711,84.67169702533246
97.70699723236284,84.12217309647956
96.71595501042192,84.22668268640872
96.40147830450874,83.85474222335984
96.57365144266399,83.83385870661805
95.94716055365933,83.00185646919174
94.49444739056702,83.13207371045183
95.04842102849504,82.7615469601215
93.45791501634078,82.65753919662582
95.49013648694655,82.81785409838434
94.2461377192391,83.14701371394474
93.24752552196252,82.58756362310267
93.63496617901255,82.907069709006
92.62953227231964,82.31096800071246
93.15982561022096,81.7908726189744
93.64497658386976,81.70034925629245
91.67128269045861,81.17918789128989
91.81216490068495,81.12131923739949
92.98167234380523,81.89863328937149
93.53190239626268,81.23817575505761
90.82441082682955,80.72822544978882
91.06967506455938,81.14909473296846
91.39200986793234,81.53511870059663
91.54960381126314,80.56471657133838
91.21441614821946,81.12497903008159
90.3352244357347,80.78630371479761
91.00237712749751,81.21113946338498
90.86527282778552,80.66199315351075
91.82741337840164,81.0842385516498
90.27226254823738,80.26306119049205
90.43494817628284,81.29242943718045
89.21198858216957,80.24955207667534
89.71689572719677,80.01341930207386
87.04659193725367,79.86113679694878
89.37405535333922,80.45258024110952
89.68245913003551,80.11185247851402
89.5367777405549,80.3257379163071
89.48071922724282,79.91168362994271
89.500935963527,79.76842462427216
89.71200987103394,79.79101782886922
87.68583126855232,79.9688409635396
88.68821525063936,80.3571707911082
88.76970618728708,80.6622072119169
88.96592503605687,80.30466772037131
88.18565833093207,79.90198972765215
89.16251766389199,80.51448924114658
88.32908198511412,79.73247621200507
88.29862131641981,80.00295480777011
88.10307455273941,79.5670928135748
88.27069342765077,79.84185323738359
87.48358297970759,79.78572433555132
87.76893861013087,78.79260876567
87.2388846602069,79.97372214163242
87.16360443214462,78.39442186013223
88.4370257590512,80.20320025017412
88.27140561258526,80.07644752227095
88.12546853339738,80.03216781831262
87.7929004081333,79.51598016507381
86.60619351644262,79.23945723672118
87.77610875795408,79.51028291367314
87.44706382250556,79.82865712735835
87.44621130292369,79.58121111964618
88.08862220130402,79.04155806603997
86.6471093208182,79.45507991321209
86.66385979666013,79.06883129273412
86.4886499987535,78.82923916079297
86.93230822780079,79.11350777561061
73.90776316639412,73.41819196083718
68.84533318776488,71.75979319153242
66.26726340131943,70.75801500879469
64.69829964827214,70.02110567842634
63.79517093592148,69.50821965196779
62.110250545952205,69.11936592171354
60.767293364452804,68.74089609149958
60.424089484760096,68.39913333929707
59.757466073653404,68.12032507015971
58.54629571182883,67.76540929387367
58.16759025014182,67.54844132078308
57.805227058347775,67.46078995141282
57.1235801154378,67.27751295401352
56.421512958089,67.01437804017698
56.21119698868525,66.8942656092108
55.69874425135801,66.76204129044267
55.22269931874466,66.71652389510331
54.967528962676845,66.5405157457159
54.770568013033845,66.5062422446943
54.400939847622844,66.33443521203739
54.166917485691336,66.16430109323012
53.68752020957396,66.08911836958514
53.969813448851255,66.13756746508282
53.536920134413464,66.05405065449905
53.4112101480102,66.03106635414763
53.14707677614258,65.88341177828401
53.011410242364036,65.90474561559886
53.090505423253944,65.76338173360102
52.53217251707873,65.83272791197805
52.174247739473174,65.65957408184501
51.92663443469633,65.61846508905917
51.689822092970196,65.67702581285626
51.394983585541176,65.54902155439969
51.24835064643925,65.56107503854315
51.15170482575403,65.55642735017565
50.800709433549706,65.48263045440444
50.72517910335959,65.56187039791132
50.52313584196997,65.5746223201014
50.37421459010414,65.4813643870335
50.625435190935384,65.53806350583258
50.03930224627958,65.37634129795212
50.40917945948276,65.30722827684308
50.004056007685165,65.3271124540989
49.69338397413392,65.25159466798253
49.52555964797935,65.24731522038256
48.165240293156,65.00535335051899
47.91986438717486,64.9396606182896
47.52549534402538,64.8934421305078
47.60853534863735,64.8758542820366
47.86256538740762,64.84307735536534
47.10370530771857,64.81471520524018
47.54930674476388,64.80857252700015
47.38360987005321,64.78093767834613
47.260605955525456,64.76581105635287
47.19229036844412,64.76595837654435
47.37969147207426,64.72847619543818
47.033118273236305,64.68451691280245
47.28377598024475,64.67272265705886
47.017594159058106,64.67436538704538
47.031110283568786,64.67443894309537
46.963568493423736,64.67657210493725
47.033877220789165,64.64649366739148
46.75674592124847,64.61216693197161
46.64309897458917,64.63357918727054
46.6659191962773,64.61331821142868
46.86187837454648,64.60442694736021
46.8348213088586,64.60746404597424
46.39738171620153,64.59987156712965
46.70495116183133,64.58238776788296
46.545388588516396,64.60138999151556
46.51022670539027,64.59610015129975
46.52367517725758,64.58172670867161
46.65878177620928,64.56884964575885
46.72927828035116,64.5650310865669
46.441731170180915,64.57780945960785
46.33660666037753,64.55433542755362
46.4684205495447,64.55284258175682
46.32863185555926,64.53642355631254
46.19066118611175,64.52169647956478
46.32869415340209,64.52414260504757
46.2950655065813,64.49694690691497
46.17041702274367,64.50516310340458
46.221929766157274,64.5009326096238
46.022101749323234,64.49413505624935
46.21381933911812,64.51081234562331
46.27614456414653,64.50768196847203
45.72563849108917,64.49802277785584
46.00599883662807,64.47382002194308
45.978570350628054,64.46817401915958
46.22534838013866,64.47196240800852
45.940917630501595,64.43088860197342
45.92404031798075,64.46289508724168
45.82512486062099,64.45690793304317
45.91530299370569,64.45314486359693
46.09287589597472,64.47709541899691
45.83814409070053,64.43982927183463
45.82722001362366,64.42649200628232
45.84830011655453,64.40268232618553
45.909005741535125,64.4216072518241
45.63485101244373,64.42400073523075
45.68392325697175,64.39728668876297
