train_ppl,valid_ppl
347.0138757445996,183.27437007014763
206.96437722414626,145.84437226411018
177.28483865160308,129.70204063509485
161.18504858292542,120.85089383246479
149.30993198273526,113.35791061227458
141.44972580410283,109.26164849648922
137.59144140561796,106.0343600511463
133.61699165293052,104.80578664205275
129.50198017212233,101.33969379219585
124.34285771699756,98.74431342679104
122.84354834164229,97.42065724834339
121.16154972165734,97.1531494139402
118.23413135659457,95.65817090831955
116.00247302229045,94.32627196678708
113.59242395284278,93.32363615581461
112.8067122271893,93.18791158167299
111.31938185606487,91.07797442702697
109.77834468073438,90.94992914642108
109.04892462254406,90.0896107134811
106.94590213039433,88.64442773202141
106.43366120750481,89.23695662125542
106.75907728161017,88.78524757433514
104.25748999535068,88.39304269326915
104.50722942730195,88.6719888938524
103.30827060978964,86.69660286276923
102.97194326613037,87.76381831895426
101.3772493388083,86.91617246337535
101.07136368385538,86.9007858248433
101.90550273566171,86.94224041564482
99.88368030409235,85.7886273300994
99.17811996299879,85.09612212502306
100.20257705818399,86.32687803348007
100.22770954291849,85.953450868814
97.8712032585227,84.6433896916302
97.9208645006819,85.28360201315515
97.47124725273743,84.42242415217622
97.63476167806446,84.55156838919362
97.10171255199732,84.77766067596575
96.58183309157957,83.54589900175591
96.67470440143191,84.51388092613755
95.3050918763293,83.53940627922522
95.2461262713295,83.96773683916118
95.95832138984973,83.34568057771133
95.8019623133569,83.68553534036846
95.67653745635162,83.60125014418057
94.36937018290818,82.80573572795663
93.03279315297286,82.47333085940468
93.76011014987455,83.02369729884461
94.04883248216025,82.38636227935093
92.3456948264364,82.40454215659388
94.42369809914068,82.76424531367421
93.04452207105888,82.06802283921658
93.28483630808658,82.32204647639844
92.37335931537388,82.4776770072893
92.28154883824493,82.3237942030828
91.6798195187969,81.51042475796588
91.38085789760092,82.27484068749972
92.7245255207376,82.63501149448253
91.85510787825618,81.64647334244597
91.86224125899487,81.76408635273177
90.21486404031025,80.86765896218037
90.05254405370208,81.29800781981042
90.70580755666053,80.850400518057
90.40883678555349,81.59817006979617
91.167114091301,81.12011984546761
91.66542756385968,81.65470724431711
91.65273246872727,82.3071922975794
90.59972394848083,81.64978537608066
91.023763847837,80.9510295410875
91.10844215105837,81.21908313479494
90.71544381634567,80.83397316606205
90.06335225722309,80.64276079542039
90.07546383017916,80.79313379307294
90.62232601748939,81.04490114135953
90.14562186078425,81.60813163360093
90.55502379419599,81.18405061414492
89.70447049167974,81.26084636942505
88.79815017638484,81.2161888389599
89.10609436902213,81.6293890975302
89.64372622367655,81.51005394224637
90.1376824174183,82.16985584000442
90.64587837467063,81.95444655007061
90.38194294658817,82.0205895763413
88.92182171434833,80.40105117330361
89.28693679288426,80.37243479013657
90.00384754442207,80.68202536485418
89.53078806551645,79.88696650301138
88.92624600979921,79.79470835768751
88.08204835060589,79.4670393183922
88.71317359228989,80.26567808353319
89.25176510313,80.08148706664436
89.30290667250569,80.94059584875829
90.20797988537745,81.16457069997554
89.43699209592332,81.04708263832048
89.27325059769215,80.73728499103596
88.00831863555157,80.18742119289436
87.5695013119595,79.97232748891894
88.59971004291447,79.74048686027834
89.33266269263099,81.20876882827459
76.91204369680521,75.25806364237962
71.00333514136388,73.42306299148574
68.18335565018765,72.34856820110447
66.43410718577101,71.505607302454
65.09382840813605,70.99654201942178
63.75696519048744,70.50379586365172
62.641415385445235,70.07453594070785
61.5796148912491,69.65726366660998
60.820982325374274,69.41110422391651
60.29564511477992,69.11153142610691
59.27213197319588,68.82488768559585
58.9409786317967,68.60041828572189
58.23577724206798,68.36291765235634
58.265405253729845,68.1840911585664
57.287158202621704,68.05184561441467
56.82362558850319,67.959341356331
56.49646499110257,67.77198638452377
55.956688285016654,67.64207874066004
55.515994664670394,67.50753171598353
55.019108489182614,67.44171367702924
54.99347906453805,67.36862940411582
54.48961810767402,67.27483492482862
54.437016026031756,67.19408506750095
54.32361770928655,67.13798945172013
53.825984626738915,67.10857263152337
53.60488650161787,67.02870843803078
53.79884917859178,66.97709271588799
53.42884528522986,66.94926924244946
52.913663059603984,66.85542497924038
52.69576326403565,66.76097827356061
52.80214224039829,66.79464869469535
52.54639067253121,66.77315336097156
52.11107333356338,66.71346352788352
52.038037994143615,66.60295450459695
51.975343023841354,66.50674650963408
51.54453123082106,66.48584793283307
51.433285061877356,66.45389514126525
51.282474092223765,66.39469206595736
51.40960253295393,66.45193009244213
50.94523949619579,66.42601200272166
51.30333849326995,66.34663312199898
50.71534079267819,66.33928895702428
50.642235652939384,66.33345444659692
50.31602752345646,66.29652283955198
50.2354925152854,66.20509946732331
48.81894680381149,66.16011227828383
48.67637423602194,66.09147358303179
48.235921035797624,66.06577121976558
48.454156717388216,66.03417052006287
48.25270713293745,66.00210951538443
48.23798046476835,65.98544694711875
48.196273907601764,65.9597107987204
48.44703894941266,65.93423465063611
48.15092880758282,65.923762033625
48.09184994537851,65.88590952867246
48.02541635841852,65.86375778745861
47.652921109241625,65.84361041898812
48.00804762634983,65.8416384551513
47.69072643072405,65.86927629568441
47.71617655864688,65.8169315101041
47.702864464150046,65.81655723376146
48.03579862799787,65.81501024745802
47.708220932677676,65.81466093300247
47.4384855326549,65.79515216929916
47.79194973401888,65.80525509087573
47.57788017946039,65.75886928223616
47.65426677808231,65.75752308599618
47.62265360433502,65.75263712378032
47.412482202437864,65.75468120665788
47.37556635445369,65.73536466822755
47.36140989883961,65.72484888779218
47.309533775098366,65.70210367850571
47.35368853162319,65.70848051141056
47.20200061828143,65.68950129013258
47.21033208157312,65.71744897983518
47.320604395678764,65.70329928753425
47.29356864939432,65.68641332659352
47.18935547370752,65.70935239212591
47.173478478872624,65.6620633461718
47.570779189517125,65.6772748012036
47.535865420916906,65.69876605178074
47.01150921936254,65.68902812501162
47.262830293578745,65.6933863536839
47.288831033501616,65.67095078967972
47.105177986600715,65.65472028783223
46.998567512429524,65.65554167390313
47.000542512017944,65.61654961984819
46.858507201122634,65.628963848403
47.19092601629576,65.63859333412923
46.87270242558354,65.61018170859136
46.71198572106177,65.60182476290356
46.745697212218424,65.62179863633706
46.69358505094585,65.61630086171539
46.806206339099916,65.6007056099354
46.50209695724772,65.60620207788209
46.58743626572037,65.6092862706351
46.27804253332756,65.57566644696058
46.561930742549926,65.57250925708905
46.620619035894244,65.59617945268987
46.501049573816296,65.60276984027884
46.74896597504934,65.59416516444658
