train_ppl,valid_ppl
365.7149473565091,194.0348985406185
211.99404903849694,148.48108631126163
176.29505962424741,128.84849448960102
158.06828445745586,119.83282827174824
145.9987563387865,111.32119025296579
138.73514120076248,107.54205611977304
133.84510245573588,104.43989106977864
129.78762385282286,102.59256846499737
125.90202240413912,99.97685008871801
121.82393367601236,97.6498377597962
120.25057439180183,95.72869590912565
117.39235602904087,95.53686917630012
114.89544054168859,93.5667289622475
112.99690256283412,92.84606635081471
110.80131502731973,91.62387714673162
109.34112374534658,91.12598173117887
108.42191649096179,89.97676887552119
106.78136702123564,89.16894924770276
106.0965745623434,88.6372363506803
104.70109472818667,87.94927304748177
103.72879527947929,88.21962787548097
103.27087372490317,86.95964537200732
101.70501736167934,86.74558928674847
101.54021598787297,86.85411541337041
101.0475822345904,85.99830059066939
100.23128115809216,85.7977343340006
99.13731892688295,85.33114304583924
98.72196653213751,85.63557932747032
98.57021640521809,84.95281163042043
97.18080610671352,84.65718913675313
96.76574572189948,84.24772793617042
97.16251285561196,84.10744050494637
97.21423284965323,84.01104084191073
96.2932652757377,83.24314777386368
96.29624347469648,83.67671598117269
95.04544946977444,82.87366543434254
95.09338917304113,83.09766518346687
95.40719083540336,83.1270312773287
94.64622248055288,83.01202086669426
94.0599306017018,82.68665571129769
93.67441589223402,82.55197212705286
93.38455124272274,82.51182881370516
93.60371416065297,82.2865070149779
93.36270399567088,82.75433086542832
92.72549184264815,82.06460050576597
92.80189430235444,81.71373085326292
91.9674225147771,81.3669216132435
91.75156643900492,81.07003800353758
91.96062102755286,81.3177355575976
90.99748244765469,81.32861868626782
92.0789148888305,81.46356084135863
91.41736031676335,81.16533996021279
91.12584064559255,81.20365834382909
90.36763321628739,81.44543417712813
90.1237143310691,80.93685232230531
90.4143380930396,80.50023588291145
89.79142291985077,80.67422597369287
90.19054439852786,81.04182871001944
90.0104740478582,80.41793931331675
90.16213935551106,81.21819020273769
89.3860141323626,79.63438841324853
89.29774316590806,80.65416512205867
89.45542465603798,79.95225931063406
88.83541275116355,80.13132276292662
88.95240766022854,79.6992632814942
89.65457577882543,80.6276288572145
89.29696266181759,80.33986900507544
88.27713297533504,80.15754374030104
88.95752129317347,80.26096165194886
89.05799947540014,80.45559983156224
88.26570829399473,79.39777807838894
87.94150912181256,80.27672474663666
88.26122784863371,79.09887269860378
88.73172543942714,79.62841098651784
88.02332004085574,79.66899384990728
88.65080580428274,80.17392481008146
88.42899897769459,79.36359132279854
87.84119798905272,79.60565256969755
87.82268471322412,79.62306790910486
87.83957386134668,79.56579574443138
87.9465055103806,80.06597478486927
87.99731331342363,79.89111578066897
87.90994087550446,80.13460371344085
87.81881720102322,79.35579904410903
87.25780287512309,79.01896737633123
88.32830994757596,79.65730603942671
87.73008836748866,79.14371617640981
87.937872875473,79.38655140219447
86.90814307184681,78.84836782829457
86.98744277771317,78.8692353231306
87.53750747528836,79.69509375483791
87.56072906928505,79.44056234918858
86.80623832697238,79.59198253744931
87.47358427115097,79.75267063407605
86.97820252541777,79.11188818713752
86.45341806208758,79.0711694357145
86.35825899212966,78.81023464467806
86.78517152171909,79.24165021880512
86.5829922151489,78.97748803671743
74.17376797857015,73.01521465612338
68.37265092750714,71.3804217174968
65.72033099298399,70.32366136258122
64.06622505285982,69.57948353283838
62.8169718854782,69.01583366766033
61.670146596568124,68.52748123879948
60.47865442358895,68.16785976814852
59.758651328507455,67.92055179368599
59.23326965931874,67.60013856027749
58.46005502465874,67.40715487215556
57.46128727344135,67.11025179157045
57.25169518417572,67.0206027479346
56.55297724213207,66.77639367510504
56.59683499475139,66.58482760393817
55.71380072942124,66.4588836031001
55.19998116931656,66.39242672705421
54.987748287525825,66.16919256009041
54.600095638626016,66.05657991676819
54.08658229503473,65.9649372506015
53.76079216702736,65.94910912542043
53.6605988797927,65.86825246510867
53.19989889864617,65.72412630115039
53.06841467709922,65.65681110895248
52.86291999135177,65.5214435688855
52.57966382310817,65.56970023169058
52.274881598331135,65.50227004548152
52.47355666529733,65.45642040575298
52.1638127268582,65.44838078965184
51.532974819550745,65.49842111549471
51.39862929319753,65.36927801291722
51.562555393782645,65.34427763834864
51.28009505502756,65.27114022174635
50.90603506260404,65.27673281153608
50.705214611750044,65.12387641101365
50.665053714163314,65.03710276671889
50.29363717078104,65.12925885359215
50.066258153766825,65.0973657329894
50.02107065193365,65.04020952043132
50.102710403599005,64.97344700894799
49.657463238586224,64.99258893414161
49.97461350678325,65.03239360557534
49.48686544659511,65.07167992859951
49.27933314178094,64.93269374559273
49.089335883253526,65.0124759000716
49.0310341053186,64.94086697251662
47.48157943626364,64.76937138812106
47.26535663304754,64.69104023148411
46.937083869573634,64.6180215235606
47.15632273989082,64.57712396545077
46.86553337860674,64.57962115776562
46.967105115957324,64.54288300237722
46.82403748747019,64.54584379788933
47.12900060702902,64.51064114919635
46.626935524999304,64.48552910996935
46.710446820700135,64.45685906060332
46.50025232761422,64.44737850814847
46.276113450546156,64.42934975935387
46.57877628698784,64.41298656390158
46.22407413991623,64.4211187967484
46.21145794974319,64.37751468746352
46.35778081806032,64.38332360857345
46.66340920982149,64.36699650457346
46.35304344833548,64.35496737227817
46.02836809410883,64.30328965482492
46.36549566336553,64.32447761899715
46.13846980088318,64.29185739339725
46.26531829417523,64.2964398042047
46.12863717727852,64.30633697590908
45.91781904915702,64.31440697966097
45.90960764742311,64.28269355152509
45.96850909506098,64.29288109513973
45.95122000757441,64.23426388027362
45.928316964246534,64.24926635477183
45.83370635186505,64.23738098921073
45.778501695243186,64.2502650204553
45.93963578716691,64.22861450584861
45.891091079964724,64.23302194932137
45.75506946882145,64.24953428794379
45.7086097748431,64.20728772681612
46.042683316082076,64.22639872310062
45.99268454653203,64.24894970791833
45.58701150008547,64.21824237932573
45.68238751114503,64.24748828112455
45.90996262126145,64.20784758596024
45.63653857780485,64.20443982326896
45.66909011153604,64.22194303976832
45.52518588321046,64.19356053439837
45.35419089368389,64.21278916314071
45.716093636920284,64.2205065738793
45.476070119127144,64.2087725813287
45.27188682838788,64.18733072043966
45.29568068972412,64.19952322727016
45.31302779098534,64.18029857103484
45.35133981876336,64.19599421969838
45.05265411543197,64.18061487954566
45.25975875020094,64.19672434327991
44.8698411981722,64.17414303116384
44.988921533960514,64.15375854193552
45.145394464019006,64.17372943898106
44.997482575064446,64.17433766370155
45.24746659984252,64.16840163685173
