train_ppl,valid_ppl
352.50497426244266,190.3959175288929
208.19233288073298,144.90184444126425
174.04026032880134,128.61053313958368
156.58218023808314,118.6012845825926
146.79322287887834,112.49351357845664
138.1993164593198,107.46172803100767
132.66623227000196,103.12969314513589
128.34406033948267,101.92217752058069
124.10719966891085,99.13308963153011
120.5877463308029,97.7193119555943
119.1229827778564,96.3577283463141
115.92723334456214,94.66976265296464
113.68884819424783,93.45746797766341
112.25088919846752,92.59298034086773
110.65677366920939,92.34937143421834
109.26627420774813,91.06216173327321
108.31437372362912,89.99058491226084
106.61217483128243,88.79177772546575
105.019730745733,87.94073780493832
104.50058958763982,88.14370718724791
104.1785204027393,87.71296001748566
102.71430454805827,87.28878516204449
101.85019122440413,86.72102686230551
101.20362260463962,86.26851219192791
100.1752282190452,86.44723484420561
100.48333351271104,86.18254033880588
99.50617033420981,85.77685470779863
98.88967347553887,85.7517863578881
98.14226010260167,84.83659380785748
99.0161815262274,85.12855035840595
97.44195774767212,84.85019957817937
96.70610397490351,84.00581770470478
96.24989759996433,84.09870421286307
96.50845030215208,83.71228462025475
95.57260805635065,83.74672540017981
95.40571547259,83.50818491659152
95.20009377898432,83.81342523218545
95.16953512043064,83.06412113472383
94.0895636205498,82.78109632516745
94.61052993766796,82.94290863528619
93.55718592923222,82.66302322443983
94.50292943009987,82.73064767250271
92.96241943521233,82.26548386631188
92.65089648612535,82.04266984776251
92.49383206912063,81.98468295732563
92.21834644242601,81.86768373063128
92.80825881496042,81.91151945286774
93.00852680697011,82.03113138706901
91.67673753961948,81.47739787530591
91.34925268309672,81.37392417829336
91.71061417901014,81.68322277113074
92.15069532577304,81.27452572331599
90.95604118179827,80.59770960668675
90.90639769471947,80.9086586990939
90.41640496909652,80.86729107059801
91.00840406370152,80.68906075658514
90.51436216885504,80.64847804445937
89.91641736007517,80.09296383904574
89.98230721478781,80.20621048075998
90.10950606964438,80.37411065526437
90.6217167233635,80.49813014030127
89.94498688636388,80.35869401407767
89.65397299131399,80.64052903814205
88.84419322932905,80.23683611500259
89.09510152836909,80.04469961538952
87.91242336063802,79.95920075419444
89.16728366681886,80.05510887063511
88.94242047641048,79.96859842829855
88.72238937873864,80.1484277116662
88.73977969954237,80.33051906249516
89.11412269534642,79.80907884604063
89.09045918285015,79.57505667826129
87.90677876381837,79.9707206365991
88.3503453630258,80.18760359200357
88.41889221527568,80.48671736338721
88.86671583777844,79.86931176758196
87.89956839248768,79.67956569794502
87.9125415759644,79.80348161132778
88.10544401688665,79.25090346900232
87.72395413871963,79.2214049920538
87.71787931566833,79.32178072175115
87.90196193378381,79.46553299700294
87.4370398938055,79.62415460766924
87.43192548730482,79.52493381351066
87.11084736072334,79.60489809169987
87.39034529979754,78.96494370388196
87.88151550807252,79.41761675678501
87.44982721897162,79.19882295073731
86.60962911825143,79.02208294962675
86.96931409512419,79.10819924827439
86.83288552900787,79.45185690538781
87.51032043388132,79.36548685763205
86.63333266078004,79.69917263729087
86.75393087126149,79.17138482739382
87.46849713165074,78.90557228855936
86.38511716020915,79.39841019047523
86.45641163721983,79.01522285943513
86.53125562384324,78.765341234334
86.55269724139657,78.73688913408446
73.60694754441505,72.81960804547555
68.48723542646192,71.24705455456531
65.98272675875167,70.25850695563594
64.3813351665307,69.44616387247702
63.23102769485658,68.91229974006477
61.62047234892046,68.4448386099829
60.364906188572,68.06807518605461
59.9649819423066,67.7211333189651
59.32765106038132,67.40058763522026
58.20941256864109,67.06525973941218
57.81197055533137,66.90872251638483
57.3691035337616,66.80171404278781
56.76279732654405,66.60459576285524
55.909849334743654,66.36932468468386
55.86697467967577,66.27958492705262
55.272604393631845,66.16999529688435
54.86761360647832,66.00045808207345
54.64164902433671,65.94398392751343
54.43467364152154,65.85746575400843
54.11366276442842,65.70688624516346
53.680951025863166,65.57044597891289
53.299894944169374,65.54648687689713
53.38907569774729,65.47394224918882
53.076853755746136,65.3491828050726
52.91092375355218,65.30376216569998
52.63719491365453,65.24756257965292
52.50807226286298,65.22035868102174
52.46059271259147,65.14284038760644
51.900753120595574,65.10464645480556
51.700301328923835,64.96487561954768
51.3008377662019,64.95440922079686
51.1433311377708,64.89629599318292
50.849148198330155,64.94369830004528
50.64341036180903,64.86800893365098
50.58261668496816,64.87073871213472
50.31829417195379,64.8742064342287
49.99871070392836,64.78562863092604
49.786738863365734,64.82923881172889
49.7736188051203,64.77880107432028
50.04754564574429,64.81469063336745
49.53523376168997,64.7850637338307
49.68119038957803,64.56921682681347
49.52006572593593,64.79009885990709
49.14403920660112,64.69803023153074
48.88434166570274,64.71767985526127
47.54756443255078,64.49054095607178
47.396004335065506,64.39931305161963
46.86847964540696,64.34772169818089
47.05081442355524,64.29236924223102
47.164646140736785,64.28023221017858
46.5723097580052,64.23813593678459
46.94715194840733,64.23070861255037
46.73362991387636,64.18307240646514
46.53287241717494,64.17180748675335
46.575441136922954,64.16013103963103
46.826162569665506,64.16115264393063
46.35500690467172,64.12637859982019
46.61936524407059,64.0955354590867
46.337650339918746,64.0898496915973
46.40106288688392,64.08834329071841
46.31220372395144,64.10272843457965
46.345346255045186,64.07444719784561
46.10804818881537,64.03236431381453
46.131831774670026,64.04282781460391
45.98178547096517,64.02879594698933
46.26682697586654,64.02882022092179
46.085438802247054,64.01957251879024
45.87208850695542,64.01348093039869
46.10217395089613,63.999552544017
45.972928976093954,64.00459941401151
45.929197045556506,63.99496703127336
45.824508657379226,63.969958721804005
45.97744202034334,63.992929131070746
46.01725945494864,63.99215280520681
45.68977492166148,63.98077585973301
45.761007164731666,63.97473646976839
45.88493597585514,63.98645195067535
45.687363514975914,63.95936164078248
45.5664651226084,63.93759099782026
45.807119737918214,63.93334925207088
45.73375549014642,63.918784027833546
45.52315044974685,63.92229779649708
45.585310441587566,63.92205546142251
45.384145632393746,63.90773508998995
45.426732461140894,63.91628815777076
45.51323475237248,63.90911610276551
45.08283405652917,63.91941406869214
45.38240637465646,63.91197513633254
45.29271148312217,63.89959498951668
45.55842376143254,63.90834079367357
45.284307399712226,63.90049131882515
45.243298980166266,63.90599069545519
45.19737413205129,63.89865022358589
45.24739054494982,63.87854697825607
45.44252568428609,63.897220988856205
45.04579372606372,63.87142758671112
45.103844676658476,63.88460150692764
45.055653024349034,63.86924833976819
45.21331560773018,63.867601846946215
45.1036475618662,63.86840087492636
45.00391198952865,63.860532095514465
