train_ppl,valid_ppl
346.08722693445316,183.14052895514493
208.73075115059373,147.0501391009272
180.3478360799444,131.36939480635024
164.21337609466158,122.71688740600305
153.35482831176165,116.26477489162511
145.8538923946982,111.65378092591384
139.96808078239255,108.7671962667821
135.2664338747514,105.94346970829267
131.2312322686032,103.64738731981461
126.99905297107276,101.34618678507726
125.2535874932706,99.61229098845932
122.76795730647007,99.03700070544231
120.21714753425057,97.35368363428526
118.27658894607215,96.33636058700996
116.47322171838445,95.31290066084406
114.47885681604639,94.59589354312898
113.0495261768165,93.22112622092752
111.55809428784528,92.65214759451416
110.73477204290594,92.07993909672942
109.15440786755741,91.46704186591568
108.53106191981182,90.7580782530251
107.70302987174055,90.75222920833232
106.6107053944653,90.44571744577563
105.2683941658436,89.73157222447244
104.77412024412078,89.07728397336044
104.1377977317978,88.70013028323301
103.10772908450875,88.72468143870783
102.22927364138937,88.66529948307004
101.96917381842256,88.60434489996976
101.46101929366964,88.08324475501385
100.44854632485391,87.72589631855004
100.38302377976935,86.79532729526467
99.73198843373048,86.59319765772955
99.36797862406411,86.25467899449616
99.41746354497108,85.91605053965168
98.14842995199403,86.3444216720832
97.78079829841944,85.90735436390592
97.89868002414995,85.57573429807647
97.9465112788069,85.19512339715831
96.82698667046792,85.50633533665905
96.72236034739396,85.37838690186871
96.49634961046317,85.42795632898587
96.23973814865822,85.21589372566955
95.61113844590707,85.30274460322646
95.30022206823836,84.79360362506748
95.30695015816723,84.31917408182848
94.492477887309,84.67648003788396
94.46078088596042,84.08011869838144
94.41792109926517,83.83071232625552
94.232863461415,83.91554699311463
94.13240093276421,83.8019236633913
93.81922811975257,83.45004803879694
93.51385589526794,83.69714785666105
92.9822037306098,83.82095611982375
92.9107438458087,83.56934034522648
93.48019307437652,83.77142990777045
92.53724942309739,83.57694435550424
92.43837707680764,83.46748168676798
91.99720040007205,83.6816331351415
91.92569404212502,83.53848783726512
92.08776829429145,83.01507357584123
91.48118237874709,83.16343820767614
91.61438054629096,83.20269989905394
90.91333514888825,83.08686031642702
91.37738662535486,82.66211441753708
90.95757004438961,82.26894576612204
90.78097312236368,82.30397840575822
90.51874398095033,82.71546889956727
90.67803280265949,82.4463523463222
90.4461975482828,82.68527644157366
90.28160994717682,82.59482780081133
89.97810261147217,82.89188999263452
89.97299080446335,82.44322678563599
90.38461677799158,82.23508154588647
89.94371693690405,82.25843576379049
89.81551416518036,82.2857583239734
89.95935065820035,82.49043536849632
89.2465145466069,82.109319873288
89.66657209314666,82.63366441342438
89.26556803918074,82.283200347772
88.67593248101005,82.06161385865302
89.64321391603792,81.98741814644362
88.8508538306685,81.92686128833597
88.93647056164662,82.01632970092886
88.91901180316036,81.70233157681689
88.79967261947782,81.55852149023197
88.91061249171233,81.687248565985
88.71886996866225,81.90934574097524
88.60945022721639,81.81434881691828
88.65983628116908,81.84288906647215
88.80797188586975,82.06628054253508
88.81313692878834,81.59996429895139
88.36656361347728,81.55369817304991
88.32735975679246,81.40113810291015
88.10369653090984,81.55542958742316
87.79812447629367,81.1731252840624
87.90964534622941,81.23891491445347
87.83960339067323,81.22878285685586
88.12126182248595,81.58384858595313
76.38556861859688,75.72763144090675
70.70383440971348,74.03250107760012
67.9993847945414,72.98502118608954
66.34699718447877,72.30538194369115
64.99844554751111,71.72680132796542
63.605867643004586,71.30147435076891
62.500188908410706,70.81560496612745
61.67267593514486,70.47822117360698
60.79919037653837,70.21728703364641
60.17835672946326,69.98771918792998
58.97939142122164,69.80501296383085
58.80285613193715,69.48527151989542
58.093584884350186,69.33425608357003
57.84608876735715,69.1982057124567
56.98691945270681,69.05223817062424
56.4160506091179,68.97006087055505
56.12601855423785,68.78064958524337
55.42428587961472,68.64425420431976
54.95605493923426,68.59890989204051
54.59625955838232,68.51085642538301
54.53843900069897,68.42327914192838
53.943893025853306,68.24641629430455
53.586166437369876,68.13943829961053
53.43107253937427,68.12846045157958
53.15488506678893,68.03876672546272
52.78104090916983,67.96245887608744
52.96322628898192,67.9236160330346
52.613028791075294,67.83928406833526
52.01071985113484,67.79758145154278
51.74020442173898,67.72156977375106
51.83808413706447,67.75104981834137
51.652874979201904,67.62684806346006
51.190461725748186,67.66885612263438
50.78057864580857,67.60839123423945
50.93368046707106,67.46756767469714
50.431095686722315,67.55305096468582
50.294668531490935,67.4801786094911
50.133896859117996,67.36959993454975
50.31178206109193,67.38461939815514
49.83427781322695,67.40020435321588
50.02488797275945,67.39343339718232
49.545975739901586,67.30901968032047
49.31562691033119,67.40485498875327
49.13169963245759,67.35131544793579
49.00774926191264,67.27218250576641
47.71035406512603,67.0312496085321
47.40838610474794,66.99174530354362
47.16748435990475,66.95424412428245
47.36789045073907,66.90225456647096
46.999831502605325,66.91300946301696
47.10783842645548,66.86120400981754
47.07945231942423,66.84399512240749
47.23881298173565,66.80738712120338
46.92241169736847,66.8082989108842
46.928595537581074,66.77173577298194
46.76531321812051,66.78350772874504
46.59182167905981,66.7275019042979
46.780455233572404,66.71237599317618
46.45506613468664,66.70567413568072
46.450771670826235,66.68296869619678
46.47996623036915,66.68592653935536
46.85587659407267,66.66737266770171
46.558221157981365,66.6346253013961
46.130513588742765,66.64844495124427
46.56235337220375,66.62651674971859
46.293446965597724,66.60313125354305
46.46439039190498,66.58775584981309
46.39055048693812,66.59742502445087
46.22407413991623,66.60136378518885
46.17083609873671,66.58096554553515
46.19921794414617,66.59179502095314
46.12395423535469,66.56519148956386
46.220779925551014,66.53859858632903
46.04200227495228,66.56057355332382
45.9379215706549,66.5791734245942
46.086228936476786,66.55762127017604
46.11806246731507,66.55678859860515
45.96432141805701,66.52813086132622
45.82064217116295,66.51393270048122
46.27200663892028,66.52026223442356
46.193130214938826,66.52306154310537
45.80462514649863,66.51199109166707
45.808906072034254,66.52608795527651
46.09479734024924,66.49635942371023
45.8700684040337,66.5000400986627
45.87285956206287,66.49507375649787
45.626245399738345,66.47213759833095
45.53210397641811,66.46621580995172
45.88112608702824,66.46437638308396
45.533879585781314,66.45764904989971
45.47223303274177,66.44099742032442
45.671976515967394,66.44779864084963
45.51799340546233,66.43112429471469
45.51701409214348,66.41060195643651
45.26438438413792,66.41946481420861
45.47056682912297,66.40138785276669
45.128035683236355,66.41097961090914
45.24708632665746,66.39058934227084
45.328629100135025,66.41050124893982
45.211552498870034,66.41971661721841
45.42645757936958,66.4283036711686
