train_ppl,valid_ppl
385.8996588130683,202.2672727206367
217.9916056050374,151.74533497898344
179.28417252164832,132.1353040766669
157.28035339138222,120.32529668324469
146.70664274167544,112.72763501748315
137.74796333059186,107.43810156372813
131.3705376383812,103.92075992634751
126.9776225450325,101.41440755599166
123.11359493094317,99.7694752269608
120.16494424457682,97.80548263032978
117.53668625437038,96.49441137086255
115.9303121452861,94.45484515937432
113.34943466484376,93.33651532128646
111.7665045734276,91.83458136382558
109.5897769442167,91.72289201058358
107.9217239524085,90.54908873272393
106.41852727679533,89.32882007266753
105.87616875447856,89.08592952538561
104.9987970669176,88.82601838731689
104.6578456711376,88.24494930047894
103.12388287354783,88.03356968735403
102.04828687523126,87.34618557534093
100.53692258630818,86.06685894059414
100.45128157996564,85.57031655907001
100.40931543019049,85.56068226584443
99.17198540166204,85.44648344653422
99.80614470458282,85.477100861584
99.429729991904,85.43640963775559
97.9537554876614,84.27507225781079
96.51620462609795,84.46727555331299
96.87996106416367,84.38789744495809
96.81793801256883,84.5910364497408
96.31531260506985,84.19325741743553
95.84103623552116,84.03349766113227
96.37225107578571,84.17583173762564
95.8141691893354,83.11719941242916
94.34285225664692,83.51188907251424
93.88431672117166,82.81245398370754
94.55107227525448,83.2877831331579
94.38301268888091,82.66568702637211
92.70317549326667,82.59391974365701
93.00199223650819,82.39779451755511
93.71813537718327,82.67443116779006
92.96823239328694,81.95034545055061
92.43004926710012,82.03386812580864
92.19807378932838,81.97548344539041
91.68518240955247,81.42910201852409
91.74629219320681,82.07424562932603
92.08696340407488,82.56399075832253
90.9761324860724,81.49179335535642
91.03407655158306,81.80758747735521
91.04619623666893,81.67034156081951
90.19730593508962,81.67074406789241
91.25057599711002,81.27295432912499
90.39318572516866,80.72678703507583
90.37355735207795,81.83441901895692
90.60295247031635,80.97260699995687
90.75287026468465,80.92335251755351
88.9144683048583,80.7951553619578
90.05672186093287,80.99182590814499
90.37586635120266,81.21101631180501
89.59612425607087,80.18860679452062
89.22344576172678,80.3716730448118
89.10369799388025,79.81249789064073
88.40860828410786,80.04251475409927
88.10514783038337,79.60698046834139
87.33891902849012,79.88015246349576
88.45204076891822,79.6962418636032
88.44386396229486,80.28847300391197
89.58145710095685,80.57223046360724
88.18121159314403,80.49959499889465
88.24941955255495,79.65238377973813
88.07195163456056,80.43961864028599
87.73011786000919,80.24690528701493
88.60331408417439,80.32512887353298
87.5799820559522,79.93949953902235
88.57025771355316,80.62347189265044
87.6081626343153,79.63164115635459
87.63426057401226,80.21572841772473
87.080367692987,79.7451122425451
88.3446132503041,79.58600829374069
86.98232542810585,79.81413182208334
88.04823926713725,79.54875482320897
87.98988845696655,79.89638597683837
88.0271373745244,79.40424994012109
87.43480597830646,79.17918901525886
87.30084609303573,79.44101410060772
87.0601416414017,79.36536650486805
87.23454431505728,79.17669759477567
86.8200424829236,79.50443536588027
87.3759511168987,79.90035399760833
88.4868378152447,79.83014006763007
87.10478571258125,79.30906143605249
86.97574642096224,79.12697563790306
87.23988179702872,79.24687757152589
86.83046271811753,79.34981244626248
86.09769014867922,79.40139021523838
86.6911044411212,79.47655993006698
86.22365856520634,79.67231627956573
73.59333922172318,72.68294569905329
69.1068927165872,70.99282778214692
66.07886538024532,69.84403142761764
64.42567588159261,69.10770620912554
62.611035522510505,68.46162908450567
61.75458301058282,68.02040377189492
60.49585715830994,67.59247626503654
59.89313934784625,67.24324222979
58.73611789202225,67.03084301477789
58.4572447545191,66.77115355806197
57.43002163725776,66.5622390015883
57.14858844599635,66.37156407323668
56.71341516343166,66.18522405495793
56.42329592257863,66.06233998431756
55.655414053939225,65.8488526353434
55.019016009476964,65.76914116826735
54.82094909544749,65.69077138178342
54.84233129958242,65.58563620961222
54.22891978007193,65.5189844743555
53.80841738477461,65.38697483976401
53.67788327587351,65.30257382708548
53.194784209864395,65.22515563559037
52.94405396458759,65.12691323906552
52.787588695581825,65.07947589282493
52.414319021543314,65.05337788590766
52.439010870359304,65.02221213492199
51.99912884205713,64.9205342817943
51.881546813896016,64.84521607942055
51.6699642952302,64.79321837822678
51.28959462386031,64.74806142613281
51.13984107304554,64.67328657458965
51.0239447988083,64.76406779286457
50.97461979325194,64.65784191499954
50.54263784602585,64.70276423942413
50.719518005167885,64.73662371703116
50.71186288640223,64.73254982804937
50.35338950120865,64.71110478507788
49.8025075891233,64.72437828154719
49.817812379279665,64.73593653705899
49.878273729193914,64.61824199971683
49.46434520611848,64.66397030670896
49.62607266354007,64.73767904333428
49.309609246325586,64.59176574402716
49.284319879664935,64.59142292196576
48.86083082291392,64.57232571008923
47.216299899965854,64.30190012434883
47.00668924177428,64.21434717765409
46.993259124885476,64.16954500916238
46.917206545245286,64.13571467355891
46.812988614589,64.10916877652365
46.73207459037929,64.07736221231369
46.36850402163164,64.05882983752367
46.91993523480189,64.03836058887893
46.510570687609174,64.00879735423976
46.65900137285576,64.00661342033966
46.508256674417936,63.9619319385195
46.026681512466105,63.96942518834263
46.267200265526576,63.9628048933232
46.392640299602725,63.93148297309163
46.445290950040004,63.921279995357615
46.23204648861218,63.91553699265727
46.05223443124403,63.93889993618276
46.05975907085654,63.903398419313056
45.86712322254136,63.877917340216136
45.99947265193595,63.869998960875904
45.885090229029636,63.86193629892315
45.755177140385186,63.842570699927045
45.72815952593674,63.86246893587937
45.767868778073506,63.833107900005686
46.03570312203543,63.82553383056518
45.930586681960655,63.786032571679016
45.65817562501565,63.82623554363077
45.819748766568566,63.79631070459767
45.91303403125424,63.80915465209021
45.63119994823378,63.80250256742294
45.45665870418515,63.791328626302345
45.569973132332905,63.78733840731845
45.45383174860973,63.79797954596819
45.49015240129222,63.78891028197053
45.171232560088164,63.77713425543415
45.32649579169827,63.76821300538437
45.31171776923533,63.73145321924871
45.13911175678915,63.74459826879145
45.117948201014364,63.7491658415438
45.49994070275665,63.73705886471766
45.47119355910045,63.73725217163118
45.2773508511669,63.73372441274173
44.88156303099751,63.73493252736298
45.204865469540664,63.750011724265306
45.1931807407605,63.76557796974534
44.91153777287899,63.74300332048223
45.072938505708045,63.733893547410084
45.180982615542916,63.734376791792954
44.95226059659712,63.72654868389039
45.07121117436917,63.71323827612783
45.002081403874534,63.71579868304807
44.72525275663399,63.70159696865159
44.939538302965836,63.72587222587573
44.9937312470092,63.719977681384385
45.040175951318155,63.72531656930689
44.68131073937005,63.69708110049281
