train_ppl,valid_ppl
349.1768734833415,185.59262362932972
208.6713258663179,145.42630919440728
178.52438907696677,129.21307117005904
159.79056724701823,119.71989768190822
150.77531272463108,113.97252416526052
143.9966138107003,110.60059648279397
137.64131287073232,105.59009344247406
132.9037997960704,103.56396106416837
127.81141139226638,100.66791009355394
124.71300982187408,99.90474825512622
122.65257569927876,97.9723319345083
119.46036639105654,96.54692075472768
117.9850997931315,96.08603565971191
116.88201281330251,94.9166137849523
113.64066404948508,92.94745910578266
112.30622344896206,93.02931606852155
111.3140679727335,92.10245775752098
111.49315824843802,91.46166723935696
109.30143277629851,90.62010692191167
106.44940564135572,90.25694893912586
106.98027810975955,89.13765149684717
105.3181266485649,88.84413727292703
105.46356509712851,89.04058349280194
103.45114222433523,87.1327965953556
103.26167415272552,87.19574695115398
103.11525102766184,86.69666859781387
101.41760847755995,86.65871490514539
100.82346258794327,85.19680292451648
99.20019418661069,86.07713761622249
101.31142752446506,86.4741456420479
100.42437125918316,85.75672791704478
98.1379711310271,83.12072866602726
97.85778029042774,84.71337288217751
99.82533838747877,85.16796486946468
97.60138720359099,83.42942345300087
97.69954136448439,84.983155497818
96.75332003586762,83.95710530005235
97.51316555524693,83.69410179485769
96.2430382349857,83.64750452798454
96.35466068671279,84.00024459325961
96.52133125765845,84.86882661698738
95.10793566222027,83.8683495043676
94.09683889415398,83.08459241779406
94.84548244019875,83.9000872094361
96.00694745853917,83.5036578380271
94.96787036008564,82.95948151517638
94.116927896287,83.77574918176646
94.27649495727655,82.66076689465852
92.99686495245057,81.85551820096988
93.79844587692213,82.74548416447868
94.07760808841257,82.83553251801142
92.30519108377707,82.39788823098021
93.1780543811795,82.83427637788579
93.23188451584433,82.40716638766804
92.38140251150871,82.09497092230993
91.93530536705873,81.7872447984496
91.46980427906497,82.12065140258743
92.09173093331549,81.60355287562047
91.13267230081046,82.1926306521285
92.48801768152556,82.37540006548429
91.5268320081021,81.62001285239491
91.94386678233646,82.26040043962912
90.21616814646298,80.99941034253716
89.35353685557976,81.03387165434327
90.09490630977687,81.27369380495963
91.09205752253952,81.58462182001539
91.3471644825843,82.04232771372206
91.81352296196425,81.87314639328652
90.7354209693265,81.7545396660058
88.59467654470065,80.51326829794073
89.60070258675424,80.5037760960822
90.10826408929839,81.83662176748128
89.67226939747863,80.325159325562
90.46286135142448,81.9375153055879
89.89810136018015,81.00843889472281
90.51235390920067,81.31693402496967
89.76018638128096,79.69276737463159
88.98091019135518,80.88210002889647
89.67697220709499,81.02146143612012
89.90571746138919,81.04247391093895
89.39382726415555,80.93240327423887
89.31392515282688,80.12181484105139
88.48151327774592,80.03389727165747
87.32764512647547,79.70418843818436
87.8391604518162,79.78608730673518
87.65258679705583,80.42226861346535
87.92392054513292,80.7152806400014
88.9127346627545,81.1544171481134
90.02030879923234,80.61292761308172
88.78835940140411,80.2221148871299
88.61981710408567,79.9924007043571
87.65473787514692,79.55186112617832
87.58021759269946,80.3838923107009
88.7734663598478,80.31276630352787
88.3759810699179,80.53796547416228
88.34161369188132,80.96548549583315
87.54448213580639,80.06588372359461
87.45752991258372,80.57271919631879
88.76003790345383,80.33307724483336
74.54951814215023,74.81032211492511
70.29569543133681,73.2226716664365
67.53550750904454,72.19097404592094
65.93013289806217,71.37822981020187
63.93977496629388,70.8164103768662
62.90547380226596,70.3757483482456
61.80852090465959,70.02378684239557
61.193835941304805,69.5956816613723
59.82490224159483,69.34095915357221
59.72693879731419,69.11779371090257
58.549405503479974,68.73531940709675
58.24345205519237,68.64545130459679
57.71045443340312,68.50561005607425
57.34594576823506,68.28316565772076
56.735134968515254,68.12494791375705
56.17770311343009,68.01516917487046
56.128301637179455,67.88855291698161
55.78876909754543,67.69182026725078
55.03048467848939,67.65418367736598
54.709362581007376,67.51764160910568
54.45974971037708,67.37736468137999
54.15326210263851,67.28340499347617
53.92211788994684,67.21907962975231
53.74814259444053,67.23867921724721
53.3669324798085,67.09020638178066
53.46274911005194,66.97191301850155
52.96322628898192,66.89312440748077
52.80965130843773,66.84533821932814
52.53022996233098,66.88305731569764
52.28356358908971,66.75821957061517
51.9130377189508,66.6825389350302
51.9907737291765,66.61522704570197
51.86635775939061,66.58073837260523
51.4991521293467,66.5427104565081
51.68961357251807,66.6243445327487
51.66777571355232,66.57362068009019
51.18636617906506,66.56589808730364
50.68190139969138,66.603333252913
50.575594303040475,66.54871474787224
50.891131602921284,66.59283009799381
50.36495228815609,66.4473200136708
50.56609098536108,66.51131028121864
50.25664053184895,66.4570191846531
50.23032510430335,66.31519976793929
49.939731811757746,66.3815038444307
48.44070387538978,66.24351205412923
48.115977453814835,66.17491227224824
48.26643228155873,66.11716087994648
48.073277423047784,66.10731081449708
48.068639453124185,66.07869630488047
48.01137238062622,66.04358404434713
47.66266204640492,66.00561269253184
48.111125106057074,65.99145099136149
47.766860638276064,65.97529134925495
47.87263886105268,65.94938414729997
47.81648939227514,65.95843550728723
47.35777990342764,65.91491534330419
47.475482328304885,65.92526159033541
47.584710284531084,65.9064945970859
47.76098379217733,65.88391132078635
47.47185954862959,65.8798151840757
47.32038168525357,65.85399540547463
47.33796312489101,65.81598334750315
47.10006339638646,65.80710122440695
47.121174561525564,65.82351912211921
47.18967275082535,65.804057626548
47.02126130821036,65.81079364684794
47.14330947086851,65.79507733863059
47.012030754763444,65.79388005950835
47.292471642416075,65.78422779250012
47.120667656029454,65.7905377705993
46.9186576205129,65.75680014013047
47.12052508984119,65.76492750637271
47.18177318530142,65.79799579776909
47.057553045512414,65.75183945013859
46.78110001800551,65.75557862896959
46.82432082619063,65.7416699594093
46.66218564037382,65.74772659900904
46.78629007001444,65.72382730210516
46.541711614013096,65.7210616254195
46.577445329923066,65.71729949533108
46.66750369473881,65.70128170991914
46.6156510837008,65.69991178512649
46.522908822657925,65.6927388271359
46.78314451521583,65.68148284705214
46.792518892489106,65.6846950871631
46.555716964203,65.67620415800725
46.31352710169995,65.66617083863385
46.59979479135712,65.6663948910669
46.53230926860573,65.68235436953759
46.34508139462602,65.64284867323808
46.564529192983386,65.65713469436122
46.56967956241255,65.63008348345882
46.17631547928842,65.62473428834534
46.46712398782528,65.63792146369762
46.184108806127085,65.62035573687818
46.01954903862725,65.62679927478928
46.16521769253592,65.63237257457327
46.424092428187855,65.60980860795773
46.3603678756359,65.61033094943888
46.059062293319684,65.61239548265895
