train_ppl,valid_ppl
358.02518639721967,188.04874594895645
211.27618576718797,147.18818042906327
177.8848158645282,130.53402050693106
160.7759216746342,121.06802613002567
148.16933516920716,112.13975666607914
140.5324935823823,108.9362247290413
136.21311339987014,104.75819746626611
131.67459978949935,103.94723831976953
128.64224198617603,101.89691030848454
123.22178799834406,98.21260213066954
121.80435925736168,96.86738829694453
118.62421612445091,96.60044750567687
116.71262732789751,94.53910486097648
114.58458469949463,94.1550299600141
112.84547579075533,92.24712731152016
110.80693968550781,91.59616242089227
110.0272154106754,90.35332197237426
108.00244174332919,89.7164014363678
107.75043511475282,89.33220667771745
105.78754434235947,87.83228572457735
105.25041838032192,88.3515662469944
104.16836450629687,87.22312222837685
102.1422597038646,86.95671133787496
102.70101143172118,87.60724655047117
101.98182367070413,85.4840682603126
101.05661852607527,85.91807000227769
99.72105915426947,85.47596668763255
100.0583052511099,85.8971936557824
100.52789897024643,85.4926567657289
98.32775579544641,84.76969032555147
97.72296192877499,84.22307454492427
98.68788865569333,84.94215197357536
98.75293550503561,84.68213011889519
97.27794866220533,83.20762074287833
96.77560283286653,84.01909912344105
95.97680736409947,83.57225513405915
96.4919055014728,83.59684478979077
96.67925443246598,84.07068405732932
95.84609478339408,83.424394610903
95.19308521964477,83.31361564694045
94.96496516902624,82.92313243515065
94.85453807651193,83.3458701607865
94.97265933054935,82.17471559849965
93.84525183391807,82.70471372802754
93.65272121612853,82.45544840206058
93.22749672892559,81.8112782310659
92.62109383109494,81.9858018872992
92.65787362305892,81.58202378262204
92.55865458412933,81.74043864564247
91.5966732289419,81.77589727064169
93.29113985565552,82.41500833800183
91.92399439469288,81.90391171361038
91.3834383978147,81.70982766109061
91.14587753443102,81.4828344959398
90.92568329323466,81.30432633978307
90.81793811570606,80.6752352641933
90.37410421496025,81.64300668479703
91.52821661815254,81.66065102782555
91.66490370233899,81.09939469378507
91.05345045635742,81.31184755975815
89.29396078658503,80.09818661857624
89.06584381889958,80.99041350083485
90.37811464387799,80.51400086164247
89.17837535166439,80.65428742920759
89.08461915626155,79.99858742368747
89.68628811578994,80.68040425285585
90.41047802457398,81.16423222778093
90.15513799282469,81.24701531017057
90.09042387065433,80.39184649678957
90.13316754970936,80.70769221322294
89.14234740325034,79.83053350538714
88.68702267416712,80.52059423490635
89.12415912045658,80.16599218575216
89.67214881585971,80.23011389692135
88.52879090693413,80.34708778326852
89.5936243453026,80.09181001508026
88.89542998500252,79.90959328280988
88.0178754482777,79.60544131513737
88.56552362174126,79.98142348803214
88.19366302403486,79.95701822663963
88.89632651769321,80.45315974968115
89.11615984841761,80.33201132562544
89.6518029898298,80.4697537659378
88.26550058620225,79.34542055617158
87.92365452644441,79.7785257482094
89.06120299786839,80.17766344539164
88.51801807391213,79.7596854622997
88.63647218376889,79.24804926685574
86.90124832227788,78.86534840849829
87.55448894837627,79.76180212646375
87.72466191245636,79.61721206659045
88.25852782251893,80.02306604822964
88.23960028849429,80.08015125290736
88.70303435087257,80.15809073498983
87.90533073195098,79.56166336280967
86.82316550340941,79.19864280076263
87.84618867845327,80.11318882105789
87.76011688628292,79.3270133604598
88.3507611784161,79.6554639311667
75.606138268178,73.86891447233373
69.73907228795196,72.1007425027092
66.91160524187062,71.04904658487946
65.1892635800233,70.32294153623646
63.91871348598324,69.81972835793178
62.64792276065975,69.297650357275
61.68374819531692,68.90535075778405
60.73966010110998,68.5367565202514
59.93078250769073,68.23239464046445
59.31897589212116,67.90471780188557
58.4284620050278,67.68709851071392
58.14313284860497,67.49176842279014
57.46005100181037,67.36191269513871
57.48273309123074,67.20654296869773
56.45046464763714,67.1132540309107
56.04637638441984,67.02014540278819
55.808427481709046,66.72370745722941
55.16221253025367,66.71212308066883
54.83748270682667,66.53673193158076
54.45458712301168,66.48340305207363
54.35799795255716,66.44669024631958
53.93647652608372,66.26531420067614
53.608184360590734,66.20196216849753
53.591679078276734,66.26139531368901
53.313621901749116,66.09713646097589
52.91305826554963,66.01359562642322
53.296848970708794,65.98319557136325
52.896393572967895,65.95696020090105
52.27684985851346,65.87352161664568
52.150101312780535,65.83200413930173
52.25269107910667,65.79353085720169
52.02145651380462,65.71411057357828
51.56858796323729,65.68280258560449
51.39892303445525,65.68636352191956
51.34511002586853,65.57216122971225
50.97604212661399,65.6248089252777
50.94511961132277,65.5522273163153
50.74730095619772,65.54658627416842
50.81724347606562,65.40080846807243
50.41946686550666,65.37044278281239
50.79102721911756,65.37909246810139
50.21747642927165,65.43967231985668
50.04357518588205,65.35701201575024
49.84590572029562,65.35473252851547
49.69041046805364,65.24076054140346
48.279333585677186,65.11540860600148
48.03849547884578,65.06383556560269
47.75460999791702,65.00754671687999
47.863289448184304,64.9700725051703
47.59555729022457,64.93914361619524
47.56662144419312,64.91802390690546
47.58957353296306,64.90530124470558
47.94642000110651,64.86722199181592
47.41753507501346,64.8607792645964
47.420818933872766,64.80744233761907
47.2719352826107,64.8097273060725
47.05953052382325,64.76016403496878
47.2906115583033,64.7624473364929
47.037087071902036,64.78196916758085
46.94762542220079,64.77683644315583
47.14912616426672,64.72285696638109
47.408449854530076,64.70129249002244
47.06476728776225,64.71841591215669
46.696928660998935,64.68667493037823
47.168007625659754,64.70300953424582
46.87481395834453,64.68954422433191
46.99400163112072,64.68608637299027
46.95220258172773,64.67301687428753
46.818371073094774,64.68532616095645
46.75886794945447,64.65303766207555
46.67858099838064,64.67306591062248
46.66712717537979,64.64036693199377
46.86986618799082,64.62517513370433
46.509616924981785,64.59791236259372
46.55831506786831,64.6236316508198
46.679648072956084,64.58772545680593
46.737903392396504,64.58635426525248
46.48070062643749,64.59377373835505
46.35960421109249,64.59112907593274
46.902761330421285,64.58091875660236
46.77661816369003,64.60792942047303
46.342744456527186,64.58846003568439
46.512149911354626,64.58992921850519
46.79621568173357,64.56074771520599
46.369252244669994,64.57744222969018
46.428290777688666,64.59827970891807
46.23759530872482,64.53923725069536
46.12597001300267,64.55103163483754
46.53245005510909,64.57232571008923
46.224384926975546,64.5520349910435
45.99879224995743,64.53493112473518
46.129474574616985,64.56013582820935
46.09619198706534,64.51391841683592
46.18466774066533,64.5102498447835
45.821997714847555,64.51501902913293
45.98926767892912,64.51113028305019
45.66780050043296,64.5155081961808
45.86926655578339,64.47142468764808
45.92655685221782,64.50707058441628
45.82304520788851,64.50550546763787
46.01923962877056,64.51785624964008
