train_ppl,valid_ppl
461.4494493085771,243.93465946164514
250.75139451682443,170.33283612608088
197.63469378705295,144.81183611845253
171.21096732969133,127.37364239976485
154.2591084441583,117.68963199628494
143.1256426012987,111.50259947242176
134.2302741768673,105.4639136044834
127.64433691794886,101.56996865183498
121.7484379818961,98.90061545415419
118.7354489355296,96.19917203599572
115.31462563244119,94.04690033715914
112.34972489068376,91.72689099552579
109.41613490464626,90.48948058347261
106.99592355709184,88.92288619372842
105.83812694734698,88.95073626556031
104.6956744203525,87.20110230751149
102.18725173918978,86.35764721870146
101.12720413035962,85.58280707232382
99.79789121362327,85.77096900248814
99.35191218356304,84.92344445069162
98.40530072730643,84.62298347332161
96.79226135509896,82.90310951501978
96.48065017031153,82.60885698667488
95.53271221556612,82.62956065067135
96.00865804744282,82.34786042685141
94.30610109379532,81.88441428620192
94.35795006656411,81.38614154945432
93.95172450392036,81.74229798163154
92.20297105561373,80.89583829852609
92.73459446580165,80.58185293422812
92.20591573967869,80.55176744232841
91.90214899765094,80.79043844657522
91.95264537882188,80.45017075022945
90.36675222413606,79.94310601384524
90.55112727854274,79.79570664481278
89.32497502131262,79.95077410185144
89.75698789035113,79.22876356358198
88.63241985480832,79.17807837234727
89.19663466983826,78.79568554185734
89.19507543594277,78.406191892836
88.51983329371112,78.15874001789747
88.43553926309151,78.65430793005243
88.3927388996912,78.82505538341539
87.73952648011364,78.29127196475862
87.34957772721755,78.23371205496576
87.01768514867375,78.39397606029281
87.9772883416611,77.87066894309835
85.86907810599236,77.32182932742771
86.61411307476467,77.96850560721876
86.33210571299257,78.08733298015122
86.4171836811681,78.23516536667596
87.04752835004379,77.53279231823238
85.53933126716005,77.72997856824111
85.63853958446002,76.87579761409049
84.77902739953909,76.51835968139663
85.66102705204867,77.58033605244641
85.18928327472487,77.71928235599543
85.7391599983596,76.92763373462154
85.29895282803976,77.11491924353328
84.84363401828524,77.08083876409064
84.99193613501691,77.20205951233167
85.00327998464176,76.38862621348484
84.54439499150097,77.0469193922883
85.85796507115217,76.5826122161005
84.37602296012689,76.48648560594279
83.87463605960576,76.89795051044312
83.6335654566152,76.51571992242647
83.92749278977273,76.70761494779023
84.16013021138967,76.34279682881387
84.31191413419747,76.33689283135479
83.85411158086386,76.13002080772482
84.01923899908533,75.10720020626428
83.38166632300043,76.07762614787069
83.51738915152167,75.96986322259212
83.5762578525799,76.19270517238179
83.30918244611087,75.95350607231573
83.42394732288592,75.4550425706443
83.57454400753146,76.57117398979238
82.29330822620477,75.49418535451643
82.31264820417458,75.41857908195279
82.88326249765068,75.28617197489662
82.44180845471068,75.29467788392743
82.34450405236045,75.20726699225237
82.10962550024037,75.40051116360935
83.22285569780229,76.02898566401699
83.35198710343461,75.76743266505527
82.96329619449554,75.54116631641175
82.65207069107404,75.42261064808214
82.18880163928723,75.54726653708774
81.77831365123056,75.16599324571047
81.89044657724155,75.37421749986356
81.57773326092934,75.44308632410441
81.92492062007261,75.51098749650392
81.65123594139656,75.23544191996898
81.935772482101,75.50237128029345
81.58914254997427,74.85247889120745
81.98652538647477,75.4616221747154
82.3200921249369,74.66392267451633
81.20403132113378,74.64297931599468
68.37361630690287,67.739569564884
63.23651213158719,66.11096995501542
60.80217455341065,65.00178004697017
59.59025974058172,64.21269178848881
57.53949683797269,63.60854304932474
56.50774772465734,63.184652464527574
55.73148417719958,62.71114225516512
54.18556719564402,62.393728029533925
53.54377769135716,62.11890720233402
52.88878327187568,61.934926006279404
52.0779216412616,61.555877060580876
51.56104736168767,61.49082617965057
50.763339785814225,61.3663742479894
50.65471619948529,61.28075059621369
50.097489285278854,61.03988994708353
49.737974482511774,60.9938802347915
48.8466246511096,60.93219519378051
48.82150708486636,60.700321040346864
48.51152791763574,60.69192221545041
48.118630277479824,60.6067800833298
47.886754945023334,60.57877806783993
47.66932804540003,60.46868738879282
47.20898307822818,60.475427495879764
47.089424294678686,60.45420099406921
46.573421373417204,60.341339883177206
46.151143638413636,60.37451916999999
45.97071898245847,60.278600838023216
46.126388685562596,60.35147479248958
45.36597825503885,60.36570771875544
45.29861963458975,60.33100082695761
45.06801427083462,60.33758833940102
44.56395845753736,60.133276386585266
44.684750604019534,60.29814263006698
44.47760063416714,60.1280104872521
44.29012268962967,60.14937329270381
43.95332170121776,60.153797276515796
43.6461885910554,60.160890011962444
43.491622087962774,59.90526005324046
43.70909165545916,60.14378676773685
43.361939930081796,60.14444800280151
43.204109764075596,60.0807975798026
42.850264430102634,60.16371821684418
42.61223523316617,60.071049727356886
42.61614616406121,59.97697777916397
42.40505527054162,60.19365059595121
40.8307570089549,59.87921659353432
40.44255645991256,59.79120230459135
40.202978339114416,59.71583535278843
40.160657605533835,59.67383243852056
40.03367989316476,59.64164870581728
39.94668617947884,59.61642048125795
39.61809431163665,59.550800269167006
39.691427422208484,59.537865467441534
39.77754431442043,59.58304792078432
39.654417310255326,59.53919719335607
39.38434025781918,59.51771264265136
39.632507600151875,59.55253866786467
39.32454106169155,59.46563577933492
39.43358396637266,59.484169827052916
39.27812709968091,59.47321104252758
39.02723226472718,59.42908066742176
39.180062853481985,59.42191651733628
39.283871372173984,59.410743969525285
38.960731660102304,59.43730473454738
39.048177266539604,59.405248567715
38.86694831713758,59.39853765992615
38.96961281700359,59.39896551396903
38.70054380125905,59.407298022884994
38.904570552086064,59.37426761975769
38.630937438338,59.39858269704867
38.787340231372006,59.38232651454621
38.604271982929376,59.33839855204126
38.6500325914636,59.38378983902659
38.77413370054397,59.41114938815331
38.50411027634162,59.3634416086762
38.33889833105761,59.35223505334099
38.572800853440235,59.358085601409286
38.47253973247195,59.31314119786073
38.64377041980914,59.343392819463034
38.07582251174266,59.364161780964146
38.26138792886334,59.372579442378175
38.165464399105204,59.41110434150249
38.38902873438267,59.35426017779689
38.03933419001999,59.36472442164317
38.29318426716578,59.33086295317121
38.16604176297134,59.37845450679565
38.17968292088595,59.36877559195321
38.0191603780542,59.38288932738664
37.87327714876876,59.401465143920404
38.08197984604523,59.34064817002601
37.92992588024014,59.369878458409644
37.91187471943007,59.33009819961533
38.00353239418804,59.347847520720215
37.99921442794284,59.371273951450924
37.6189477508126,59.38775225247592
37.88826566083932,59.3930659036546
37.70789430791364,59.366389869306495
37.59013744522132,59.340693163255594
37.66432539865146,59.324857653717345
37.88829113489643,59.342965365713354
37.62800372518353,59.39921322034982
