train_ppl,valid_ppl
394.1653231534095,210.7716413726383
222.4534179104281,154.25294130699734
181.44550076670768,134.43648210613264
160.2024645023176,121.21558639911865
148.75921748619754,113.42600356031645
139.17901404820105,106.70966779800156
131.8943840983396,103.10881721932041
128.37232398258155,101.322714085158
124.0522645757317,98.02319286716148
119.35178462160583,94.80879565209308
115.85001727424483,93.67675692905513
114.93507640345676,93.75314262406327
111.7099340810034,90.36911435737821
108.77940882906782,89.62784301580899
107.51148494099247,87.69271138732013
105.7459083229555,88.16506267512233
104.52535939183575,86.32419443301204
104.3830394715482,86.16751224224171
102.47539483793561,85.06025572903337
100.35464732543727,83.54352355692946
98.21602674157626,84.17082172447329
99.02520260548205,84.00078596501436
97.43121391708449,83.33095760951238
97.66916540633886,82.52812783581764
96.64721377030165,82.13105039042662
96.22815638825286,82.3913910193183
94.84959563262629,81.69762364410374
96.60975981129765,82.40069968329402
95.37079452424065,82.19668155338229
93.89511134151206,80.73425482861784
92.4813642318977,80.03832726998502
92.79471914982032,80.63316162044255
92.94798236997502,80.19988608656402
91.48674893762953,79.6805927522235
92.62065791774484,80.27523351052066
91.56222306016093,79.34511975067694
90.50438216644771,79.1377155762158
90.98796916689207,79.72443614417276
90.4457414654475,78.86998282867577
90.15028888282791,78.37810723746679
88.96786907540411,78.44213709376882
89.01115738272541,78.90473470504232
87.93485756571901,77.52808951337421
88.33505065689454,77.80421486519866
87.83759541907612,77.96049563677037
88.2550861507394,78.10151441775317
87.19947755652319,77.42555117010804
87.34628895415175,76.94452154426855
87.72073973819224,76.93874602129382
86.15582881293837,76.99745485400496
86.66406373544581,77.05623769779216
86.97823176517429,77.5270608128364
86.08527417661932,76.99147104012647
85.10278208311648,75.97159129627414
85.64945145939916,76.05152883729068
82.98907060096236,75.24525429096236
85.31343504979438,76.68729030905375
85.97381328327384,76.95481938547985
85.57965673954143,76.20974945386578
85.25073472033029,76.66505277765607
83.61439296958689,75.44142747307174
84.22471821841835,75.91490219419588
85.38849519468833,76.13420585732388
85.38163489536808,75.97709259256528
84.2643672930276,75.47873183050456
84.7619003607761,76.04535906938267
84.5760341180761,75.76665711678245
83.24563233960845,75.70386406304681
82.89460357228003,75.29196616428973
83.84971413174618,75.74063776554999
83.1775168422821,75.4475196394776
83.08967849285256,75.67356286796006
83.28717238273987,75.69310230642516
83.709427004934,76.02719863952908
84.3292620896392,75.56433831695202
82.82162429518971,75.47175016470086
82.04660429536273,75.39768129640159
83.20237883071918,76.52494497159269
82.80216472944569,74.9840379731115
83.21795981358812,75.3428200221096
82.39631341440412,75.40151164712533
81.98443072533348,74.72942271730827
81.9158876789413,74.3872378475439
82.4110785401324,74.51877024951699
82.33130078469875,75.37347455130237
82.89351676817674,75.12670733088602
81.70274644560294,75.02165654524988
81.71266237579991,74.68056834363615
80.75827153397776,73.86471393015886
80.79832590939903,74.64662982998681
81.2030212781328,74.08778450535132
82.51522975255624,74.9620101566186
80.391809716023,74.12722969274922
81.43826314753407,74.36346827711372
81.31439270950278,74.44058489214757
80.5656367386141,74.16427783262014
81.55853853896264,74.98065521681701
80.33002596353307,74.00194304590643
80.76905031758835,74.94578477019809
67.92341915749213,68.45911154844481
63.13198588772388,66.80498106929252
60.744234141317875,65.85873909321425
58.870263917789394,65.01696178158637
57.147435747759744,64.52502323292316
56.37238980173516,64.06975916106134
55.391447102369796,63.72263499050119
54.21224160587535,63.304463577713314
53.571684945730595,62.9559960097877
52.67835238446842,62.78414832913613
51.901817438083704,62.52512255486184
51.48059632169285,62.30251375847959
51.091623486157864,62.214333851114574
50.664815263370066,62.07234301881724
49.81853252353009,61.942087857468714
49.91861646257841,61.82417549027336
49.144419189117265,61.71811525406477
48.837282034226426,61.54714985795626
48.62642514557096,61.57749037966195
48.1854195879142,61.41382906231739
47.71375444335384,61.402025934229265
47.27346089734271,61.212091715803034
47.255760438644685,61.124319659663634
47.017673189429466,61.12260489554243
46.45550341145869,61.0991823276496
46.37534759460035,61.0811407941098
45.88010811361266,60.9068828780949
45.76671484737169,60.77918857605513
45.406868901541216,60.93993417747962
45.34790961857993,60.868449525227454
45.130114136429455,60.890998767694924
45.05024604520097,60.823675852736336
44.57804302407134,60.788267790562784
44.16040511861453,60.75136024815307
44.355280859163436,60.62325655119113
43.9112304552904,60.63833517922503
43.51788883559201,60.64148469535215
43.460403433010356,60.63771449096279
43.855952871522454,60.5472310103536
43.21404536971389,60.603770222294926
43.22719467532054,60.576711163718706
42.908731431551445,60.58424422080405
42.87125782487306,60.71311710051842
42.976928186195416,60.48212249553127
42.48337566543683,60.57305980544914
41.26531910317768,60.56830648012609
40.44633624355061,60.5212985077258
40.551127710566256,60.44828824192386
40.40134169056652,60.40407552892646
40.37597875286386,60.41545778278546
40.395284638040934,60.3680420559346
40.128861979711154,60.344977273315436
40.12298066043786,60.363739622251124
39.6621499033414,60.32322482825686
39.77380028881336,60.259202448081304
39.95207157560721,60.28845093795648
39.69373586278857,60.22791314491277
39.858260157954824,60.24088367224046
39.49757201774994,60.248397808013905
39.641755112817755,60.25959081159533
39.55158410681841,60.24035840296506
39.515049771241166,60.22515041807475
39.36054199442688,60.18053053311854
39.34490491958053,60.221817048616224
39.51393393891782,60.202847753528204
39.14841185871832,60.15621464224688
39.28170561676851,60.12935541336133
39.245803178126906,60.1640831561908
38.966259221961074,60.14754906423199
39.26646946964547,60.159795258669334
39.27338705687462,60.134895002412314
38.62704162757869,60.156876013946544
38.807960795234735,60.1427151263463
38.78559300865915,60.16606755263147
38.84053777910618,60.169169728770804
38.926352647855225,60.17396016786781
38.777796660633335,60.158472458352534
38.776062903297984,60.16098124230278
38.89918250953423,60.142122311652486
38.64486167962136,60.122334774536
38.604440693742454,60.16536046133653
38.5603932899844,60.15206413069015
38.8511938772624,60.1427151263463
38.806499648203165,60.14738944687299
38.540344780323714,60.11460846059908
38.36648967662105,60.103943676416144
38.53512377094,60.11207882138122
38.69056634820972,60.0911165392535
38.447961114451346,60.10259931869665
38.535343997741364,60.13701522708218
38.650981100131354,60.122425946409656
38.3134390824656,60.05715949335187
38.38390564537615,60.11089380178581
38.18850157798741,60.08382702430647
38.38639612969389,60.1061767438294
38.29693053621168,60.10820480550991
38.05353130721975,60.13370953303007
38.231018861760056,60.09792847900957
37.989277304754296,60.08927129718939
38.18136434172754,60.113947553593825
37.98455233539135,60.09738167273386
