train_ppl,valid_ppl
413.47113976978943,218.55652777601537
227.12739026999589,157.12194854237575
182.71899448142645,134.26397052281754
159.92120744222262,120.89580158729957
146.42510526421918,112.28081925929506
136.75544234203312,105.98757915879149
130.0527789729434,102.44724748365996
125.20711008429433,99.74602737517671
120.63405005265955,96.65360086631566
117.20954259080501,93.99753240122878
113.94535837137205,91.89622524262627
111.82716371716847,91.61151214792771
109.13510810901317,89.3522918839532
106.93098294189633,89.0065300657673
105.93213533452655,87.68107635880708
103.73869907480078,87.02273456098274
102.53266589517293,85.27901101718798
101.80538181773495,84.78187112321285
100.32762798243587,84.46554636407986
98.96852658788427,83.60258130412703
98.18615035101247,83.85251694355023
97.55762716532026,83.64614094169255
96.6534196006499,82.37249579172303
96.21751404414518,82.13453777098277
95.60866355053214,81.79633015636931
94.57570928452199,81.48796255010336
93.91471527250508,80.86591149207021
94.53559398024139,81.30090503142297
93.55935610309425,80.93479652487261
92.33709599466884,80.39367515658026
91.6376978345061,80.15441378692714
91.56191525290804,79.85281129810008
91.43878308486963,79.29225586313486
90.68379437396806,79.51588972932343
90.95662214655572,79.47872934290723
90.06583499696737,78.82607142322024
89.77367561098676,79.02753549848377
89.86885185886291,79.40641737916904
89.3015257054478,78.68977023628425
89.3058788262207,78.34138947421474
88.26357189432821,78.32778806939878
87.982937465983,78.06844813318546
87.52856188880028,77.87624870915438
87.67209576538313,77.75959972867612
87.31111857287249,77.89712471272364
87.56682244666197,77.345371605988
86.73010686305048,77.27262771609611
86.43249499454748,76.96398066307108
86.64445867269514,77.15012622057328
85.86633579489497,76.90967080790205
86.83805247201185,76.91392787552797
86.19531482487857,76.9074840497031
85.25460377623004,76.641339851653
84.99322188572408,76.12849115735217
85.08510338130377,76.12618230933792
83.85030608261789,75.70463896856928
84.87832406280678,76.54516854547742
85.26672795516045,76.3387739574506
84.7111665073363,76.16099562316995
84.70333551981632,76.57224806526096
83.36263565515995,74.98369684791093
83.96048165295517,75.23846536299826
84.11085929479582,75.40985905557044
84.1164298172265,75.65342617135408
84.02251548610063,75.38770614700573
84.24912851239276,76.0593715077492
83.82271433999084,75.36450259692279
83.1769576029131,75.55156276274678
82.8644570105308,75.3483614832734
83.76302438502773,75.6800180715591
83.25693903166473,75.51070122768348
83.1529418204812,75.84862187733053
83.04103426418338,75.12747632862626
82.5760847280993,75.26074560890962
82.41675813913574,75.30475491893061
83.05817656821601,75.27526983242161
82.19543303066483,74.96033346535911
82.61542984426112,75.23895026611027
81.88568413233959,74.74183256688976
82.5020545803865,75.07232782997944
82.6690215361306,75.27897980839536
82.16529214224721,74.26981741875801
81.2593571827435,74.22694760367891
82.23838424018747,74.75628498858767
82.39711670215796,75.03331843632765
82.56953365699758,74.28327739599762
81.75148616543235,74.28367165803942
81.46460443830037,74.29800732056474
81.2010012298205,74.16261898440959
81.00036639077591,74.55861449377777
80.98675245369681,74.31662809605156
81.87475633181951,74.97664727453906
80.7173958243415,74.71707158009997
81.11036918421993,75.0720432241566
81.18156765691404,75.10811137520503
80.60296716139281,74.70608191776284
81.20381293239333,74.70480744813308
81.15690027119322,74.65902593066937
81.5761426694788,74.06385791645664
68.05989815120124,67.86289777877109
63.01475130511324,66.18454658926593
60.69618308478705,65.07012578156579
58.7827950837309,64.36162825700143
57.062756869374894,63.737977077778325
56.290713822931835,63.21651919136031
55.381616019855564,62.92967597040373
54.06751225063251,62.58099382264019
53.52220005253489,62.279795963717284
52.699642972135564,62.053872976274135
51.83787501851264,61.80786470015723
51.49096390106422,61.557673991201995
50.94350975607232,61.4233523713193
50.45276702864674,61.19791443784271
49.76538706491632,61.081071324818346
49.77909065395934,60.94658817905745
49.04024892663803,60.9264897666068
48.57192243105019,60.71760556628281
48.48539278467868,60.62488835588298
47.958220053980874,60.515539786995085
47.57319404689148,60.546748977572065
47.0960259542806,60.46144375756853
47.07426139683222,60.432981942629795
46.88956582524164,60.300725820374794
46.321577166780784,60.32999446478049
46.050299280303506,60.24887746552267
45.71932114240254,60.20654526991777
45.55807150567738,60.210768020082625
45.32163527105634,60.26114429068108
45.17442159898302,60.24682181737155
44.97738334429326,60.205518159253025
44.71608208041808,60.18463737570753
44.25417996563613,60.136285678975256
44.018709472141545,60.126004551662305
44.09864631840976,60.0221521431637
43.728624119436844,60.10264488965242
43.27143765925549,60.06521999208448
43.14299217845266,60.22444263241861
43.539062948959796,60.01728277690995
42.83923153192142,60.13895313221939
42.92038822955765,60.06779320391748
42.69718166372317,60.0916860698524
42.72148931577852,60.173230171565855
42.69610515327778,60.05736440788449
42.23507277671324,60.04600409066417
40.83988595989042,59.94878947760134
40.04053073122946,59.859810569611
40.06626212267083,59.795962651368036
39.9731500918943,59.76559361060135
39.95522794316317,59.741762455205354
39.95953980988387,59.71153412747011
39.703211215931645,59.67317637745822
39.72499975838136,59.6960749127351
39.20198601466692,59.665666123368005
39.41200825796516,59.614657617295485
39.50381318495851,59.60774226974219
39.182828922443605,59.57927576030569
39.42651887469452,59.6147028182844
39.1294519521702,59.59224215054042
39.20271084777827,59.62281695102031
39.15387391021964,59.590028176848556
39.07349424056836,59.59626366008374
38.870463238475395,59.5640991810249
38.90072561051077,59.57792055138254
38.95115852098374,59.560441119729944
38.683569356810416,59.53411873738049
38.70550096319894,59.50063434742111
38.78831818888731,59.53016912665615
38.59460478731193,59.48662793866171
38.80342098276097,59.47993038699189
38.85971040982824,59.47959214681116
38.21762916385411,59.52308305340833
38.34334512658005,59.49075508841856
38.328060622083854,59.51385436935284
38.39395890130558,59.497724532219486
38.48475083884688,59.49765686379173
38.310579838877,59.49319091771444
38.33621761367213,59.5162911444411
38.38834475600082,59.52003675253746
38.11288395668424,59.507424469658396
38.18538208220048,59.51599782363923
38.133338249167366,59.50543923749067
38.37679639531438,59.47239936102991
38.30934347530461,59.49348412611388
38.13717144574197,59.49418332120573
37.96094906369108,59.44399748648888
38.16234678515127,59.446003205367866
38.176179129132386,59.484846361401296
37.96158714197814,59.49422843084864
38.15575316503575,59.490709981409196
38.14335152370573,59.522451215227534
37.939401078319705,59.49307814563789
37.89785785413865,59.48816149093348
37.73687098289938,59.46013530011717
37.87115096686874,59.4735717934157
37.87896877392874,59.46919783647918
37.657134216052334,59.466312102889056
37.83055998176274,59.48951465812245
37.58116638680864,59.463020733964356
37.79932567794723,59.49605540013122
37.47564582178936,59.468138214907405
