train_ppl,valid_ppl
417.86974995013713,218.0502795495807
228.83387095893028,157.80971428286972
186.39235916928916,136.60289318569835
162.92288718803613,122.84773367035582
149.5206946896847,114.06437831263523
137.8717517332058,107.16697339747908
131.11199561748157,102.61174491133819
125.55294586405695,99.03335882277065
121.36358220470657,96.4009531879283
117.09040994230159,94.47375406315179
114.36442195406674,93.23187050982108
111.91764980900484,91.62682971066488
109.73639222424484,90.25195335580361
107.10536174959432,88.53138225110662
106.12678867574813,88.0027038103757
104.19319567088633,86.29458218790454
102.45011202854906,86.29703585528749
102.02928316968043,84.84196509245635
100.78730400596785,84.2302909824671
100.23751494231234,84.12166283372352
99.24882815786411,83.5651584344699
97.10530334900825,82.72340291072372
97.01710611936406,82.78263411154512
95.96561211673568,81.90546425607029
95.46818176527304,82.21528710219424
94.45976472519105,81.28370820270352
94.48186868885212,81.04947928013563
94.14211638839447,80.98752735379371
93.01471787619516,80.21901282420066
92.52297169798797,80.13988997183644
91.82691946089896,79.90835121838313
91.40740366573011,79.24426385206267
91.00295838821718,79.07098957610748
89.51122659201093,79.37529622148965
90.35927932580168,79.80423797145711
89.56071034018602,78.501189564182
89.3514942761829,79.12238610884421
89.28111390078809,78.79783636937329
88.78170348488716,78.3215227145982
88.28016002180425,78.08517194335131
87.79582230625311,77.75685819218582
87.57644908075544,77.6491304971708
87.35683108406818,77.5105740754447
86.76612242923662,77.4480973762154
87.24736068648784,77.77354473829331
87.34217816194723,77.79448168822353
86.9340617048744,77.58163016686801
87.01259527125865,77.09445745719621
86.01798704069599,76.95896224855052
85.58984178319113,76.31889424559985
85.60673321352745,76.94323805725263
86.17344029393855,76.97250104639129
85.25474707796886,76.0016948845425
85.40566271020658,76.01869643709202
84.79142600077195,76.14612729397147
84.84163749011437,76.47285834427642
84.76936629832247,76.1808342052435
84.95357257057208,75.95382281466865
84.49887589392914,76.41611387285828
84.44531865231187,76.64122362988643
84.26603862812469,75.69166752113549
83.76040564877856,75.70529907952994
83.96996588076362,75.87841784268167
83.86527537209471,75.72194725876577
83.06672112238442,75.4476054481515
83.02423042384001,75.59353541437876
83.18920580563663,75.9304162338257
84.6290199096012,76.21850418530494
83.26816328178417,75.35381764990758
83.24739541082543,75.23290346257748
83.24742339638384,74.90757948037832
82.83685549977147,75.5401067038804
82.70485205228442,74.80986833538348
82.36875707787125,74.82944007849451
82.43853818061847,74.65605407511796
82.58774469957916,75.05733057289105
82.17998824306223,74.69979474519984
82.50970979277645,75.55648940219899
81.9714505320084,74.63856497941677
81.60713736335597,75.49673262790351
82.02426601420856,75.2449405034793
82.42534754455203,75.01830053201662
81.75772496933267,75.09974042629688
82.13176614361234,74.72545653329415
81.91010491642513,74.76342721673711
81.17973917530853,74.48450993476537
81.19103821320242,74.4540193652297
81.99741297407434,74.67753900861621
81.73170103830974,73.72821445858058
80.53084129150196,74.32758864595147
80.72578098578364,74.08081916095266
81.6096339085337,74.49970341455577
81.96370748888519,74.17094171542402
81.00295329752561,74.33866354226532
81.11331408907475,74.38382561544624
80.94399235065056,74.25081428241293
80.70773632976834,73.92940074567576
80.49229953269781,73.78209584948074
80.64077573778312,74.18781498168673
67.7675504321158,67.65467099771332
62.93961455125001,66.02085367686362
60.520286938944494,64.99734449513667
58.718191699500984,64.27976919610096
57.145111210371184,63.710702125427915
56.1024950015389,63.24353462841426
54.7890203494555,62.90222227624963
53.77803652094408,62.54427821630052
53.364097949899175,62.28435302742751
52.527386898072386,62.08175661970592
52.22259169455268,61.85974136751423
51.305218430429655,61.56502561726554
50.91289793886129,61.48562787706841
50.2094751049292,61.313749084579314
49.742890576053924,61.15888009085778
49.147112192881615,61.06951736547883
49.08474839558947,60.95016962647009
48.579042215742966,60.8021427122397
48.019104131482436,60.804747494060464
47.923875790727124,60.68706753442871
47.54053189461905,60.63895587384058
47.00875940110871,60.5736798319053
46.87007102162263,60.56920200565359
46.40836369940692,60.48237471890817
46.51365100541177,60.536879626269396
45.91612108249913,60.42061141987795
45.572577506352005,60.360398582093325
45.59271280763133,60.32571761280209
45.14591047399931,60.22836980618199
45.01224890386604,60.31000793053766
44.719524621996804,60.393267808378894
44.398155960953154,60.16611317171003
44.57191419229314,60.273664966412596
44.043473348700005,60.11832334896619
43.91729796782369,60.15062748187236
43.88282321300533,60.188219683907086
43.657620108950006,60.21117889807082
43.452792170599885,60.17516924372358
43.02286750232176,60.283742800768565
43.02489238963356,60.24750702562878
42.79550239163651,60.17343548213067
42.54729180789535,60.24040407837238
42.48423258073976,60.24604525743418
42.27093871654098,60.218278399385625
42.39312513869877,60.24693601820657
40.419382418609416,60.056931811357856
40.164113995368,60.00968371430486
40.19053279529971,59.93779054203355
39.97890192978852,59.9020125174576
39.78332150243352,59.860831782478286
39.51948684483924,59.823534778153345
39.778306534236485,59.80920294169415
39.691213931596174,59.80931631300092
39.380924495073245,59.772504610828214
39.619319636864624,59.71492980592174
39.3098301078719,59.71492980592174
38.96466112586507,59.69025893861772
39.28109817023113,59.69297449803366
39.05081587376263,59.70750483956521
38.796103610068535,59.6871588259786
38.92934945753227,59.68281441351274
38.92309436987349,59.67833456934809
38.69718734346648,59.65132687847858
38.71576860109188,59.66451252351227
38.52423059260474,59.68899171983428
38.67384330035839,59.64133215659899
38.62740521995908,59.698836001524235
38.49683640468958,59.65675457840767
38.65873895561421,59.603765178326896
38.719426047478976,59.63864155607635
38.288434370498564,59.60405893168458
38.33652691765026,59.633735479366926
38.48327598678716,59.61741494033656
38.273737881284745,59.64092516721565
38.30746324885499,59.56251850969051
38.386667124781795,59.65320390217556
38.31261477413438,59.57349375038615
38.084194681674894,59.55777674736365
38.175319273338516,59.58397405657777
38.00822139244605,59.56890919610787
38.104467050761635,59.5608023997358
37.932909738462,59.55971856629261
37.969602318658104,59.57719778589462
37.75956060072532,59.5601250015225
37.881197271787684,59.54998752874316
38.06192416652658,59.56527342117093
37.84266909849245,59.5519290937128
38.21024242299641,59.57067070724454
37.71915262100523,59.574442322908865
37.55215778261344,59.57638468520146
37.75619690493566,59.55811543215352
37.81756480135064,59.578552978377196
37.61651970371299,59.623630685422796
37.82649056060106,59.58250579919454
37.57703536595304,59.539626060584666
37.69206482249242,59.543644019395586
37.52777606803866,59.56741872736874
37.402747389758844,59.585645655179995
37.72179018919767,59.5314555425177
37.123574630985274,59.56608637021714
37.37299702909524,59.543011962959916
