train_ppl,valid_ppl
406.9096804700407,210.9517454633777
224.05826198955148,155.44145770355695
182.82522961343267,132.34927728631854
162.92589958396897,122.89301072377395
151.51425336232612,115.08045824957247
142.53044977952803,108.65517812235241
135.79718702478,104.08521627301099
129.53646457082664,100.79221113143727
124.78417716270772,97.44348457893796
121.911770610328,96.94773557107436
118.84043367237322,94.54656001578091
116.37928716074234,93.10626804402743
113.91318638638874,91.79375201780712
111.60772160097905,90.12076439320555
109.30448258961704,88.11808074845248
106.71881679530283,88.16315751533703
106.04487024949401,88.18100746828569
105.39059049283384,87.00983597753392
104.78246825334395,86.32943080402937
100.8777756540346,84.94179774812521
99.9869195187497,84.87632362580939
100.62013346627361,84.9271147929045
100.27202679321366,84.38197908484476
98.77710668146646,83.58806646644527
97.34524045730122,83.95525924181675
97.6908052564829,83.49226208347048
95.92990574668433,82.62940402254306
94.94083317144856,81.72519368573826
95.51707322314128,81.88931925289546
93.8654764542384,81.78067172161859
92.54365800730264,80.32275365083716
92.79758914426034,79.39503898416669
91.6291341250809,79.64731084878751
92.8185240710955,81.03875639515594
92.93245409095613,80.191798886029
91.66773875336747,80.78602807353651
90.950598639555,79.64223824092363
90.20315825710215,79.34006638887327
89.02097272584687,78.71677286732563
89.20892958414575,78.34727028873516
90.56257377042344,79.70974848996747
89.16488564608231,77.77964830930514
88.82633452982869,78.10663694788794
89.49612204062738,79.11983648550488
87.68082021336753,77.91121253281788
88.10443698683784,78.60860929838667
88.2706340791656,79.10169153978657
87.64984645896435,79.02262219593663
87.69723985637388,78.00490074167574
87.11377584427223,77.87648489854777
87.10794825898441,77.58089487193485
85.26515142776269,77.01619741668502
86.16674866579238,77.21886119408741
86.92614211430619,78.06368324306209
87.17652760680551,77.81456876262921
87.06183916119657,77.90648677462126
85.99728499410938,76.94889722909389
85.39699239642945,77.15799442776773
84.25873032249845,77.4307174292187
85.53823854456414,76.89742576278356
85.5726084783384,76.31122732704344
84.45323934930138,76.24604625034966
84.95971300435379,76.47042308943148
82.67874900035186,76.11077254241195
85.55566625821436,76.70046145642482
84.60142789006836,76.54603912055435
85.50638319075317,77.36868640247928
85.36831772897014,76.68563317257467
84.87004965589395,75.61190757266415
82.6068484009057,75.2792651987361
83.32341087407036,75.38870646061294
84.32611538176823,76.04930881642098
83.98769522674239,75.82958849773165
83.05010751854049,75.30190009788929
82.23509439020908,75.48276661215172
83.81874120070567,76.0701565002011
83.74492017265305,76.03097449871963
83.7420486354372,75.82619634253027
82.91235672311572,75.75177961655965
82.5295722786223,75.7392882196245
83.50629974202087,75.56929443852057
82.70946750648143,75.95494582092718
82.80581130990039,75.62125300406909
82.22541912361297,75.67683343563415
81.49303630224905,74.46310876593303
82.08092332946104,75.20139379224442
81.27875472970521,75.14493754368931
82.60076694682414,75.25977552487649
82.09276175897708,75.42338267469181
81.93489105896613,75.06788810201358
82.17026421298999,75.11671107652944
82.10004779502523,75.09490050739792
81.5795707069005,74.75829721398647
82.16012703183185,74.72673135519892
81.77666416660638,74.71149157529894
81.76660303084496,75.51908935408524
81.10387986389972,74.26277865310264
80.95838836134405,74.657412622977
81.88428022745403,75.202790773972
68.95834524636102,69.23242291494168
64.00155949286228,67.64879773890256
61.44693769170719,66.64564036639423
60.381183425886874,66.01046740249923
58.34696493546077,65.30690641591731
57.203503014300665,64.82670739066386
56.53174526882818,64.5023019876448
55.13412542566221,64.13372091868399
54.50744439428814,63.86915148607427
53.78488880044156,63.623158179322445
52.9903321648292,63.321721445462494
52.357348348205626,63.19152760928018
51.57697926200039,62.98165849930975
51.432576156324934,62.86853572462898
50.78080057028148,62.624781856181784
50.608555236148526,62.490074356506454
49.72000310620066,62.342561639167954
49.379495836609266,62.17632475714172
49.287020549672825,62.23384257083472
48.69748798502293,62.10894640568011
48.41144951549901,62.05900168522814
48.27631485836809,61.9777685594081
47.83448028497108,61.93241368420594
47.878239728129586,61.83521583760603
47.303029403117385,61.7504128408211
46.95845349271551,61.673277723370866
46.7937458795175,61.59672934685936
46.760298407991186,61.50651699524936
46.03918534819804,61.444779392746
45.95562277720114,61.47173681248269
45.73563121378914,61.439235598854964
45.29622887222727,61.35732499428194
45.335715452326845,61.407962135197764
45.103859839370486,61.365559993148494
45.11571864085295,61.41238556000742
44.71282017857439,61.333719471301066
44.53497923467006,61.40353902899946
44.20756490418069,61.30589290377907
44.48910034920564,61.375261960470745
44.102515757983156,61.35697607805831
44.00586675492937,61.282516262589844
43.644442576540186,61.222628186653054
43.472063959229686,61.27580235494755
43.27587463116509,61.15584281136744
43.20981810036749,61.31477185672713
41.80392781875289,61.65371099086151
41.36844958514776,61.55944763650011
41.23170634616924,61.513046299979564
41.179372729291345,61.50320596986097
41.00862320930161,61.474906309226284
40.97247845580168,61.408101817425035
40.7218066982756,61.40880023332743
40.7754504158631,61.39515928040168
40.83918577259847,61.39178442695911
40.752798016528395,61.3335334539941
40.44455507847446,61.3547663213847
40.755538109369226,61.34378849972522
40.48899885518736,61.35955810509874
40.56954900572776,61.298270116751645
40.390151793280076,61.32269891936294
40.2274617621597,61.300431359479575
40.24133916326606,61.323047640664036
40.51187233366355,61.28825502966626
40.256845312257404,61.27840419725537
40.253732778749054,61.27519837163999
40.194451171967806,61.239155996197624
40.14670005767154,61.27206240017166
39.87021411137252,61.30203491138955
40.00151413372648,61.28727916900493
39.860176301604966,61.26479220966004
40.106123857639176,61.257778338749624
39.8719029632515,61.27524483168303
39.84852006885939,61.286582135188496
39.95248793322044,61.29980389406347
39.686117184200086,61.299199674177544
39.55159740300821,61.244797828805325
39.880294668970336,61.200048940721985
39.72170133746152,61.26407220579369
39.92476262384414,61.22181583914209
39.37756197928111,61.23493076649861
39.481455778021164,61.25150833932318
39.47832356577287,61.27719618530209
39.608333019752806,61.25722097947819
39.201353443994236,61.24832714060587
39.65171125885084,61.23240041136838
39.496735510709435,61.24593554526457
39.47646559119026,61.20410934191305
39.316028392238245,61.251438676267945
39.08025959143967,61.19972412026393
39.420833256928006,61.25232108082157
39.38117603338727,61.219216399540194
39.24404849619546,61.209237433479686
39.26093891685893,61.211325919676455
39.28525804656391,61.22996301218161
38.90228185060822,61.23525577381762
39.21046081025877,61.242336718571586
39.03216566435091,61.22915056734676
38.94415367875754,61.206777752233485
38.98367223663996,61.22074819880608
39.16839482649143,61.254875481453155
38.9395455724581,61.22898807967337
