train_ppl,valid_ppl
382.9696191906712,203.90155696548402
218.75214071200824,152.91777674022129
181.2891714899637,133.31003412263874
163.2773624254489,122.56424693452544
151.48598704633199,114.45978321390926
142.89348364622597,110.18234348357001
136.6220003523488,105.0756813811937
130.61470197591842,102.38764737699027
125.51260192821638,100.071650452268
122.60191139383471,97.48460942831984
119.11601498299233,95.67800987974147
116.51747548834595,93.55754215484643
113.9056808970194,92.49211453141588
111.80573758363376,91.45553014880936
109.71831739349648,89.95193945608312
108.28586656394988,89.41481184273049
105.88976605564312,88.30943968103597
105.07397297100856,87.66070215688076
103.33046513440574,86.69604411690173
101.72919292786202,86.6698856947779
100.66113869485874,86.19302888925286
99.91639085408018,84.95252177311713
99.5409657894591,84.05331561222933
97.90404465187737,83.77403414925784
97.29184811200531,84.1198769384512
96.53330527428236,83.76606288494195
95.21190388863216,82.69189087622381
94.85973589209955,82.4161018963351
94.07520451405692,81.99932349832162
93.8232652654174,82.10278316380357
92.99977246297918,81.30047352527771
92.5136721426005,81.41184720946683
92.11030807686271,81.04960218675448
91.61456533634322,81.12602471545995
91.22291043115935,80.78177106681957
90.46249641774929,80.33493502354479
89.57606669669659,80.4143419031694
89.40149080677702,80.02776850018657
88.78982197907483,80.14821501670924
88.79868750626073,80.23644067481888
88.32887412819001,79.93298405164808
88.06600074000106,79.61850997391477
87.82306852143459,79.73740342114691
87.36461369537447,79.21437744347749
87.18382521160866,79.18708403409637
86.59582930625311,79.23447068145732
87.09228306551205,78.63734297702048
85.87883567036178,79.00974120674259
86.25676703953435,78.82938858552053
85.89318534545802,78.76970101614937
85.33572239908518,78.93046454212953
85.29006396909959,78.41814206687192
84.64139657282524,78.50833242123696
84.81677039109302,78.47452863935222
84.54115499455742,77.8766915648547
84.73665782492616,77.53558474358938
84.3931571404204,77.34088541366621
84.15928144394401,77.12374871961794
83.69825582245377,77.7327191570147
83.46981334770138,77.16384491603311
83.45873025529906,77.21332852927986
83.05460263635048,77.04817539910391
82.89822635553416,77.88286228295206
82.88663400640229,76.95519865240227
82.7189494583648,77.26416198529061
82.55027207773259,77.06348280171669
82.59446381171134,76.81147381747778
82.40517771284902,77.23224075731812
82.62617873462519,77.21733893990076
81.98922647589164,76.87536045010079
81.79156571830717,76.56873560411577
81.68121571640371,76.44697323564317
81.18784484742906,76.38758367292853
80.96511100495732,76.60209597099843
81.10881497198552,75.90788018330902
81.38508628326876,75.99774761041274
81.3951278374025,76.11853475042678
81.19515975127055,76.01797595516612
80.74467114218626,76.02420114438637
80.36357294290526,76.20446242988264
80.83497608351183,75.89168023483171
80.43460259773515,76.08088533593087
80.46878837974408,75.71253197664663
80.26553736717518,75.65792921234122
80.23661666050268,75.65391374884007
80.22642135921575,75.16314368515692
80.15471327100512,75.29924521144923
80.27695204384811,75.16365659808403
79.93150857947855,75.17377309607114
79.8294645758306,75.82573640096543
79.8817861243523,75.63733787706062
79.55050426566447,75.4298737294471
79.37686612120766,75.33702191919295
79.45909659112542,74.90272354924568
79.5193817854515,75.15604874875483
78.86720983566603,74.85159920040529
79.30093202045367,74.54196774756599
79.21186151733929,74.85253564580782
78.86437299010127,75.15624819564887
67.23108153346986,69.42113073910912
62.54182535664276,67.8991317297388
60.02484260681989,66.90656646360473
58.95076775070305,66.22289703968738
57.13312501446439,65.69281354141182
55.9387453291332,65.21190305324464
55.13401421804057,64.79764000007619
53.712559055619025,64.49587105392035
53.09370024188312,64.13987258129364
52.448936709567484,63.98315296474324
51.568241244728625,63.69447315135084
51.090644484001956,63.53166395287443
50.20189696715886,63.42108760288805
49.974395105544254,63.34597201580108
49.383895050933184,63.239914321641436
49.05596262408879,63.06612009373796
48.2080382141725,63.00116898723008
48.11528192059132,62.84179959357458
47.74647140169742,62.786766611436555
47.38483642706761,62.693979492567955
47.03109447296669,62.65213821339893
46.79239304948482,62.56863429106127
46.32034698890344,62.5057357946353
46.21133366943433,62.36809229858563
45.56968206448358,62.49635267658408
45.32335696326565,62.327248260314555
45.08437995895094,62.30071870402684
45.10492124187811,62.25446665742148
44.475058835702754,62.23042161549715
44.27511696111624,62.14189612904985
44.002848964300874,62.24044908576236
43.582643480071134,62.15652773330151
43.61845136218013,62.2155131646895
43.34536890322302,62.142744243937706
43.32622610587266,62.03538491140509
42.91160205698811,61.97950731471833
42.58753160463289,62.03058738275667
42.36357795826815,61.97903737604049
42.47704930901208,62.06333083366738
42.160016316627434,61.95998436404554
42.074285643524085,62.077308515386264
41.68987199364234,61.9410311388221
41.46930049486556,61.797602357402994
41.30892889588839,61.92757716418481
41.21161279411039,62.05262615236794
39.741455891789975,61.78745883953591
39.40172816858337,61.72646887919908
39.27334744889919,61.64167480798575
39.2875428644645,61.59974181667788
39.15085981648669,61.60109630848361
39.07465017871858,61.55466357866571
38.795021121311464,61.50612059549367
38.805821277210356,61.51980952486606
38.963036898634485,61.52701667586776
38.81460187983496,61.41916100205171
38.56340081761515,61.43478694956606
38.839258199214385,61.44846000277473
38.544737194566096,61.42977969306554
38.6190174956511,61.416646317776255
38.37261661624226,61.38729266844643
38.34026453798426,61.389666510235465
38.25629473450912,61.39236628500685
38.56047106791674,61.32158302452543
38.21502116010347,61.3480212406425
38.29250199644744,61.30354554213859
38.24577609074985,61.31230793460075
38.195383342165584,61.319002595486815
37.990720453095754,61.309890597798784
38.06201373445734,61.324070567920685
37.89532262940836,61.317049910555326
38.0580089743967,61.258289255870004
37.88941201036509,61.25749965847998
37.969793784653085,61.2265740278913
37.953854355836064,61.305869662134164
37.7556130486414,61.2926233583101
37.67667262004623,61.23091474698465
37.90287784465549,61.22283707775519
37.81765379425102,61.23293433081123
37.92611351407749,61.237995189763566
37.471249268649,61.207265039723346
37.54062118822416,61.196058408896356
37.4787955322647,61.21364654347177
37.54718424269577,61.20926063849038
37.32616340666671,61.16177839895032
37.599312882762206,61.18116581488406
37.50583093010437,61.210583338642486
37.51555331261302,61.16115235277281
37.29641127099852,61.18696468070222
37.11567565959889,61.20626726473832
37.4750663038959,61.16233488982116
37.33955458874742,61.171309004240584
37.11331752479153,61.12795789960414
37.269013143209314,61.17140176682003
37.20014313252267,61.146778240530125
36.87757721328352,61.186570340410555
37.151790047507205,61.18694148414408
36.91393148323795,61.19863366419215
36.85888688648926,61.18578166745164
36.91951617124576,61.17873045512678
37.16335706999233,61.21726689226972
36.94085745890002,61.21225415863734
