train_ppl,valid_ppl
409.65116132916137,213.98289102114106
225.2723472427158,156.28927964174162
182.99654007350728,133.82216786125667
162.56185839088965,123.02968829855197
149.56795113290602,114.39857235090393
140.68564518706094,108.3616688078705
133.7999349447701,103.40950152824509
128.0220360733343,100.76699483517757
123.606220092952,97.94217707203849
121.10356225808664,96.45769007940369
116.76152521555504,93.26976814908514
114.38849185047037,92.30271419002271
111.87770054099752,91.48212718231207
109.72621093295812,89.66893276584787
107.6444992473572,87.62468497620888
105.89197311216128,87.94927304748177
104.17113101444859,86.99354229110801
103.28840725426655,86.32890715263441
103.25070516810949,85.6699019897537
100.23134854828105,84.20577038654143
98.76057136386392,84.20398270567347
99.492757258909,84.25788518795008
99.29411453191167,83.40956287377489
97.58793562763837,82.5559155475769
97.176820497883,83.15284545639557
96.55394690341825,82.36109828744988
94.45166758467971,81.0006079497329
93.86891601981799,80.42437237162143
94.61351970533609,81.22037636414464
93.58027412749523,80.56532743071914
93.04252023106349,80.07307788338845
91.91725791945227,78.11756416077222
90.25181090189835,79.11293791662645
91.81864673764828,79.92274217304843
91.89306630149146,79.3425328704975
90.99485166602267,79.97675407926515
90.2134992982442,79.27596477234529
90.13807634277708,78.97203894091291
89.09932477537711,78.66733973731948
89.0214814774002,78.24287726826142
89.21435787821078,79.13060545397971
88.15782544371932,77.25478924775305
88.63289658977588,77.71554050258582
88.40156477874226,78.58685737820794
87.66272384597744,76.8228605669611
87.68117392551599,77.33156200323104
87.64551513155232,77.43133388088174
87.40095151074621,78.07714998737232
87.20862404735279,76.84913515956895
87.56373155007296,77.55975077172727
87.5368600666324,76.77298687158793
85.40592111054842,76.45575521858906
86.57356209557527,76.69141876969532
86.57795686918236,76.97010824076065
86.39789586900682,77.19445019751682
87.19528573549478,77.00171678061184
85.75432235183527,76.10272261271616
84.98156512390165,75.80061633108129
84.2539434426275,76.46662540629337
85.18613311285732,76.1552500411472
85.6278881716264,75.66977607144791
83.59449421632456,75.63613354349737
84.88602854614417,75.75548435790246
82.61579089539944,75.33079588189952
85.9173282359988,76.3451411897448
84.40504531281938,75.50554857449409
84.95554317305276,76.25815866044825
84.68716326275259,76.24489003495266
84.68704938456791,76.12251715693044
83.02386758772143,75.59789159100178
83.83153481871815,76.0002542497887
84.19646548268062,76.15649151210867
83.82756126134841,75.40045399352366
82.66379697069034,74.48925403436851
82.6648251835357,75.07673935820934
83.63989165497762,75.67571454131264
83.64031341854898,75.69907130513899
84.36317460785513,75.71571811483919
82.97422981339145,75.09447347070588
82.98019928478776,74.982275509613
83.00338387431816,75.36927417218213
83.07431701958107,75.35041821173569
83.37684518335087,74.74684809075595
82.28191111167142,74.9507003220132
81.75236561556996,74.57571731403972
82.5141756613595,74.68979866398043
81.80547994988697,74.5987345716506
82.59188160890828,75.00032850781815
82.12464294121226,74.68883593924875
82.03518619169766,74.56508766187729
81.95158462015748,74.32172779094518
82.20908432872906,74.33936810803164
81.75841209137745,74.37409738327926
82.57727841143868,74.9716163311158
82.16885542906648,74.09261569333378
81.34345578286442,74.58674435212201
80.90057490622245,73.92886822810205
81.64571888532227,74.60345766361027
81.91484124404283,74.65678995213953
68.9012253941524,68.46040923588394
63.9820047848518,66.87362554670761
61.48595014969445,65.81835377961711
60.09559061084546,65.00210040410002
58.13515855799467,64.37387827673119
56.85037550489577,63.88670861750248
56.182783527919355,63.40099038852564
55.000966947265674,63.15083860179444
54.17738894457657,62.798716886011455
53.36851127060808,62.53479448218833
52.715270989868245,62.367288396232205
52.08874221984859,62.16939508166049
51.524504074182936,61.967783409229035
51.37073152726287,61.844429355983614
50.69348849830553,61.68508622255241
50.310834915178184,61.60894360568943
49.48247369415113,61.44808727273928
49.34726902272774,61.33283589411742
49.03271539257463,61.199747321668035
48.57236330483776,61.19538561230444
48.56695879494118,61.10029417536736
48.12720442727371,60.94046554674629
47.88086334810406,60.88365838401192
47.67644374593762,60.8296714456394
47.201572182780716,60.76854411781005
46.866904078623506,60.78575589247887
46.59420250488857,60.7118741994338
46.59844756854506,60.65006048433153
45.928486803186146,60.58291208765593
45.790291578722204,60.58084504248488
45.46780014880464,60.5855304461204
45.33637080536751,60.55994888032903
45.409463953974374,60.44054295332893
44.976793660494,60.537958291004195
44.767431998447556,60.50230368981273
44.62911439921325,60.41092294576977
44.1460963268335,60.44031381789438
44.07287354524272,60.452917556865216
44.31070428640563,60.341133999725905
43.82096647385527,60.33100082695761
43.66967120085949,60.2901880134599
43.27964277763224,60.36264117768485
43.12972349558323,60.364197313386526
42.89194428284297,60.41202226893984
42.991884154192164,60.38033314330764
41.43238756154679,60.47288267329795
41.14397651635218,60.37749475568769
40.97254732513125,60.306486961949126
40.83431225247304,60.28929661319971
40.75297611696484,60.27311656118303
40.44059872524603,60.2377092885934
40.37392923249861,60.14244151883844
40.436003859210416,60.15584975062858
40.502108679630055,60.168348548933025
40.332079348989765,60.16561136374805
40.18115726538144,60.14510924513594
40.27559326587217,60.13585251397433
40.2080198131994,60.08883847083566
40.237632644216525,60.09097985271291
39.96280424274502,60.13473541863426
39.84399247487697,60.0947388458698
39.80720141983458,60.07298550676703
39.928171866013315,60.0634210864516
39.8534902983259,60.02319888095387
39.96801714108568,60.01232280064203
39.78262605575449,59.95769918573806
39.71712139339967,60.0164636700026
39.48474752308468,60.03364450356068
39.642967842926446,60.00279078626484
39.49195581032713,60.014142927806304
39.51113121336903,59.981411822815
39.428374498516284,59.98812035807909
39.4346445021585,59.93061050770773
39.50090494392789,59.980911555331524
39.14693789346466,59.981343604276084
39.240077663609455,59.964564200656625
39.38757094169018,59.92075072314492
39.29875756771323,59.94056281075897
39.56565397523485,59.95497158343727
38.96838138529278,59.98348115536609
39.00396447528966,59.95417605614001
39.04225745833431,59.95701727352965
39.169316553204766,59.916934467855334
38.85108939152252,59.88468773209932
39.17270079300348,59.90809895250972
39.00637717491931,59.925998471053404
39.0466676958246,59.89517737056832
38.86719657252456,59.89211202647616
38.777001469074094,59.91275503855544
38.92780522111453,59.89236178938331
38.953738191481236,59.95372147385228
38.68847232032505,59.952653219043185
38.78538439031161,59.95829018259215
38.75648855758876,59.91927416697271
38.525435037573,59.93397320150557
38.659375766664176,59.92472624754102
38.544011569497066,59.90723591289943
38.515153138313316,59.959153957703855
38.304720344280746,59.93638173329417
38.76352480095585,59.8875710643328
38.46405633022096,59.90028662603186
