train_ppl,valid_ppl
406.6061151195623,206.9033151175989
221.89019423269178,153.4077326961141
183.67968369783065,134.77174709450466
162.60607541242524,122.53070359601507
151.49943198762477,115.26602713208761
140.77051757914566,108.68158554092395
134.72022701635805,104.09709432018364
128.44799760849324,101.25002548203592
125.18762333333244,98.03103426325184
120.62379033967389,96.80681371417391
118.52077706825284,94.92798534514989
116.70317191396282,93.46565280889789
113.62259548600518,91.42013722942663
110.86636990539313,89.78247772981283
109.97418709326979,89.43467828258515
107.66961610042755,88.33254317936003
106.38240058935988,87.22467639678779
105.31709990436825,86.62573662296012
103.05585302288998,85.99996334836166
103.17575849496129,85.66866782408805
101.87861382303275,84.54419622003577
99.20833154438438,83.76523721964212
99.64877504586727,84.22036055805991
97.61995998682653,82.83380533024962
97.10360586478171,82.10869730710617
96.6151837267962,82.20606171413795
96.68416220598777,82.47358099120109
96.73312356927744,82.4421641219951
94.7521386405665,80.79674814882665
93.64075823249381,80.78458862889696
93.56734529278978,81.47631677239805
93.65335088918013,80.4937967563668
92.80903880976328,80.56291456315029
90.92693654023411,80.59211816954478
92.213293361115,80.75944842407354
90.30225048923644,79.05840042022173
91.20230473018641,79.29712580577977
91.03113868907704,79.04344590937104
90.15028888282791,79.6459218883238
89.35233533263263,78.80318381997587
88.06170805577631,78.42908312647883
88.37517891307698,78.26942981919468
88.65432251430552,78.63698523182413
88.54215461258401,78.84717215059847
88.60522041321002,78.61760979845405
87.93633564581638,77.66290848191002
87.52391289896585,78.18763531432579
88.53007063995985,77.5094574535386
86.73351822290725,76.98849390111042
86.12678352861948,77.46642100289439
87.02023019903156,78.235254345821
86.21328216795096,77.66034700489428
86.36572036962485,76.52239201649935
86.30038989180632,77.19845962760931
86.6500513439001,77.05775677604652
86.3719048013954,77.09726332376357
85.87978839138131,77.1630843274731
86.31008040678006,76.9369376133293
86.23719613374851,76.93947523007915
85.71201282513186,76.72480350151086
84.90360880016878,76.4765693579285
84.25640766043034,76.24659545880542
84.35435490708448,76.43648255208814
85.1539508618492,76.66112917684339
84.05732192367333,76.13720768975121
81.81994666035243,75.9149597543461
84.74090237563462,76.72637422128763
85.17530889906689,76.5277881354595
84.12683665451837,76.07552072893166
84.08722402457815,75.82205696888151
84.42882668179038,75.88264659671286
84.23247664012464,75.68030498227701
83.12991107845373,75.80153591225461
82.17042995386306,75.43118916544073
82.78810880366245,75.0232777240631
83.40070133530917,75.65187741665439
82.89577399263409,75.15351297010326
82.84156186792418,75.70412236400631
81.99722001690029,75.18292186226326
82.46689410741601,75.47109209016567
82.54197488609088,75.00214826369299
82.31992608218955,75.51084436195808
81.87203149035999,75.49183850454611
82.67474670506516,75.32362800833106
82.52543849027849,74.63352842707381
81.79195066521021,74.76362562170385
81.32530039722403,74.91970648415564
83.11778337372687,74.75841058040935
81.98795860651221,74.14285624093286
81.3837183200101,75.01485935231437
80.21032189504217,74.5978295821798
81.67684984478393,74.6661305600236
82.28390272660029,74.74443946384501
80.41727184568865,73.81765618878588
80.93397924434997,74.5754628631758
80.45704890243036,74.36634390659495
80.91648649072366,74.14889976413504
80.52659104931065,74.28243255581154
81.11863154920927,74.72681634409915
68.4041017228811,68.63860729540299
63.604712993298165,67.04395690621207
61.0857242270608,66.00333560623633
59.230740807356206,65.32498260146379
57.738262356060375,64.73164182749373
56.75222680625738,64.30319214293468
55.55863731763326,63.93943321504989
54.454092858404366,63.52492038189369
53.85239150330283,63.290665468917695
53.13335697582482,62.92368808781495
52.906477130109785,62.82464870755478
52.02799752153087,62.649074277254655
51.68153405281093,62.404113025154544
50.92518839288878,62.35622396966685
50.334011281933336,62.13603031797105
49.929055527087264,62.00801575802571
49.670519283030465,61.901640141271116
49.222989926154895,61.82335516098394
48.802948088889785,61.682724341853344
48.57414316933377,61.63793588979276
48.29163766315884,61.441844380729655
47.71925651194957,61.4041442773477
47.73116111697172,61.306195045964756
47.19317880500176,61.286303323881675
47.46670514483201,61.32981322632687
46.68481117535538,61.21585121756761
46.3816620371515,61.13066934025542
46.41566566065066,61.1577208060774
45.77560855857093,61.14202625306563
46.10178649449595,61.165326115002095
45.42366304244352,61.23228434254033
45.306188676123575,61.118434048497726
45.47324195635328,61.1416090230229
45.18487107500353,61.08079344844272
44.861364766342426,61.057109134332215
44.88320765141805,60.98694362055876
44.53346714166114,61.11616337365508
44.40812729830574,61.00195082214149
44.031718762267005,61.06666973131006
44.03528625850832,61.09999304794604
43.80098046876105,61.066137261608326
43.533047692503786,60.88109638296233
43.41803982123391,61.01626775714583
43.43147020588815,60.94589501999524
43.39736223323971,61.033919911348946
41.691960284356774,61.31165710377818
41.38432048072148,61.24939526189638
41.414493351204925,61.18786935332733
41.13057596841441,61.13090109289869
40.98942379979069,61.07454156418773
40.813150077066396,61.06421577911912
40.93743898784668,61.04451828355733
40.86313624712744,61.05680821974452
40.67292317445475,61.03088883764573
40.95152001170808,60.980123385827476
40.5492737727328,60.972702912169304
40.279695967599125,60.93725429874521
40.57574131195287,60.98340625106245
40.432211448919205,60.94582570452259
39.98476212966837,60.95035448108025
40.23991874153005,60.93462073963596
40.21073679460365,60.91235554419921
40.091740493588794,60.915888792367795
40.17983351952711,60.89783212135588
39.88207779877366,60.92806043820197
40.07460043031736,60.88753621229905
39.96897112133859,60.925357984234715
39.84908270523087,60.9262818866358
40.068969525065434,60.904250631564175
40.007202806166006,60.927852552871805
39.682661908401464,60.88746696319956
39.60905205059095,60.909007230175604
39.84060381365886,60.90000233328521
39.62605960306555,60.91713587006468
39.69377589473434,60.867734179309906
39.77346601795017,60.86787263270233
39.67335150459207,60.868034162058244
39.51588666616201,60.86898027117953
39.61380597176368,60.85280613635124
39.347841358225125,60.848561426517435
39.52981094685894,60.86609583807894
39.31772020463923,60.87465723474042
39.429010732502825,60.87470339108546
39.28050393814266,60.867549575276534
39.36091249117097,60.875649603870656
39.558871088796266,60.86641888778895
39.21645885648308,60.83015573086068
39.62504720295661,60.82909492064103
39.29352628309426,60.8278727057155
38.96111149115695,60.84906893058674
39.11495862261088,60.842217982779715
39.444150827592026,60.8537750790168
39.08425366873977,60.892406929875584
39.29644567676452,60.85379814926829
38.98276798344649,60.82796494749463
39.22675654315259,60.855828365651185
39.036929085963216,60.88019624602561
38.93573644174718,60.8322082205471
39.27528828667182,60.81170949400935
38.602091786444504,60.84353275133169
38.9828990333343,60.820724393310805
