train_ppl,valid_ppl
384.93697384999416,201.69267279744926
217.85702636100442,152.40240126957806
181.65105547131338,133.22156951235817
162.93121249071655,122.56996229675129
151.85207412022584,114.81607073394439
142.45854760394934,109.84501562088282
136.31769487160048,105.91893223577638
131.37420324097383,102.23075643899055
126.88378964133285,99.99697817134253
123.32812752869847,97.80674332419169
119.87444296574955,96.5136919858788
117.1567548342982,93.92044910154196
114.78136098212103,93.27772436682116
112.64770114126297,92.13409792148666
110.91259473141801,91.39785469268635
108.47306587674306,89.60779778280248
106.87416529114967,88.71573461438909
106.09511223205062,88.19484868285727
104.47628224005868,87.55388992636357
103.58554021106922,87.18014556568905
102.19494701765215,86.00769070300778
100.8215306394064,85.82545159279942
100.09810565676747,85.65918482849261
98.70271954734949,85.36618512772218
98.28059738206959,84.3738220255881
97.22034435732432,84.4524825228569
96.64380235790777,83.80837324376543
96.08686126187571,83.48064634562955
95.41867378661729,82.80055613653272
94.19032873759734,82.70314603555586
93.4564383792759,82.17854753380873
93.0144989929835,82.42050752116872
92.79606054921697,81.4407410476116
91.48604156605758,81.66176553539948
91.43260469837213,81.40564378010382
90.73142518681541,80.73492818821579
90.50830709708025,80.82073563989435
90.18930130122958,80.36344665532201
89.47274810910129,79.95607854562246
89.35362697045213,79.94613679076934
88.99164960944103,79.84303372965573
88.25852782251893,79.72827472203358
88.15296522296403,79.88539165112503
87.5076727967445,78.99180118879401
87.25305093770399,79.18099009093409
87.77351209356104,79.10433054597785
87.32153903718462,79.08837789664545
87.05139115928483,78.72011527366075
86.26813470043095,78.78693347432194
86.25876787121172,78.59630233559015
86.33309248536874,78.45483631725774
85.95170601750259,78.36812400669012
85.35761384045463,77.89434879707775
85.27309168931049,77.96661387945608
84.96282623102178,78.04438989128535
84.90720520973042,78.15159933948871
84.95451502692514,77.4968231159762
84.32931878815522,77.44824418292029
84.20436283804999,77.91133068044559
84.09564827529876,77.24412914103294
83.70633156575705,77.6073404587607
83.68098141302664,77.42367261589504
83.64101636256075,77.70614246849492
83.13304109594843,77.33203107878938
82.80717533927816,77.1695788249254
82.88181362693113,77.1131066947025
82.419944427028,76.93708345110555
82.79604106249776,76.64212435318711
82.66313002865598,77.02358475762203
82.29095675051781,76.73853384373945
82.12047422175587,76.35257994730829
81.8780317663203,76.77662512933249
81.94230081736924,76.5397131670977
81.50983164895477,76.46108866425186
81.5644335801019,76.4736991050291
81.49884441564058,76.29280094148628
81.1175407597378,76.39647468383595
80.92617096953177,76.48074446354555
80.82451455387474,76.41449156569159
80.79430599759795,76.38407968256118
80.92647022750535,76.35605354536422
80.64679422202374,75.94645169859956
80.34139579393486,75.63254933087836
80.35157869429388,75.3210865755251
80.37864933489277,75.56766146082624
80.29778868834575,75.84767297035454
80.13140847637764,75.55929658462371
80.26335176318959,75.50961341606377
79.82468781523754,75.36884557522937
79.3419972908047,75.38922091277932
79.12799823173309,75.7825143483622
79.3796413457672,75.78449673564613
79.50243531640417,75.8242416101474
78.90141909013526,75.32260000271111
79.07635648795608,75.18312138047244
79.12757262132074,75.79917950783127
78.89102215064432,75.20943391973407
78.74881196563635,75.0559932021262
78.89916453538888,75.25729330796001
67.28548224985832,69.20833266178437
62.67728806217528,67.71055656897258
60.22296096135614,66.71050446332636
58.6109661155266,66.03289378899572
56.990597808003436,65.50043246359665
55.94318351210169,65.03453857386255
54.75942964134441,64.68709182843467
53.78217671208184,64.39682283153547
53.24129947078059,64.20886995003742
52.27742980645178,63.89390238066254
52.04407370524702,63.786008389789664
51.044841295701744,63.555513033863626
50.64467022479201,63.33888796841688
49.90740780787473,63.261831136323494
49.390635739510074,63.11189846571386
48.86628446229962,63.02945439901583
48.68226552400127,62.85004321269618
48.14901877263876,62.764038801124165
47.5327813250054,62.71518403217694
47.37446744548204,62.812407744235145
47.18878438027106,62.62867560827021
46.53611065371187,62.59890880084813
46.416679912796454,62.44233238609732
45.988742029521234,62.330272827124304
45.95091105712412,62.3870106386895
45.344510165062914,62.35631852909796
44.936290313426184,62.33098173120137
45.017636188825165,62.275664199356534
44.42117701084524,62.211692269825264
44.45972141792476,62.106638931277296
43.958907359280424,62.183019462824646
43.86832416217646,62.12335828737728
43.811230073800985,62.108075206291296
43.402206063357305,61.9141495840747
43.21140146209592,62.031622112454905
43.083351442277596,62.13767928521438
42.702650755965685,62.07116641907511
42.57806925639203,62.00340839436814
42.207224887409275,62.145618497139594
42.180912602901145,62.10725111000867
41.9305150620408,62.02849445954094
41.729385041326495,62.15485470236765
41.671362258628015,61.982327021613166
41.403162029018624,62.103860657486436
41.420577907885615,62.06768381454896
39.70286419127391,61.91013596023846
39.5508395273236,61.83406717456099
39.57146690314343,61.77422557505634
39.31814316911443,61.72431601612407
39.202486807021934,61.689623157984215
39.0302499617152,61.6411840620429
39.13930574689584,61.65156066539763
39.16332571726212,61.650859488526955
38.79113484430021,61.59943822777283
39.095778343791,61.548083189518216
38.78468031167297,61.55622710788664
38.46669426097909,61.55307675379497
38.83297842337911,61.509105315277424
38.50185807667726,61.564442122805524
38.320871538031795,61.52256167058796
38.480222963892615,61.51633453368797
38.39157117595857,61.513536025775075
38.240183613432805,61.50378888393798
38.38412500797155,61.50057126715384
38.05863588984478,61.491269104672256
38.167825230960624,61.478332346105645
38.214250355632174,61.451441924451345
38.042531276734486,61.45927015734663
38.185202365927026,61.4504867619127
38.201161900307035,61.469988998156325
37.78545204409754,61.44585094000491
37.80781499061973,61.4413319326906
38.07097159201844,61.465258496664646
37.83789876321493,61.437651749615554
37.90494209457666,61.3786359056337
37.924252096593094,61.393739491864274
37.90175657082952,61.40388821001072
37.63699861676266,61.363303400481215
37.789072418933394,61.41562184629306
37.529491861131476,61.39399551687887
37.67867388418314,61.382126388911026
37.565087018450576,61.41422486726495
37.549115513716735,61.36011639550196
37.420518397998144,61.39138876663669
37.44430173719695,61.41692572205576
37.56597101546774,61.3696081095886
37.353754235910486,61.33960255968859
37.7166547096436,61.42148950522278
37.320993963748364,61.32376833763706
37.1064186574955,61.330394497024976
37.290594065512245,61.309053849572976
37.467545982321795,61.356394555428174
37.279325811727716,61.38792102939851
37.410883527015116,61.32000220826555
37.16729267710933,61.33823056372347
37.22710267132185,61.36239613403511
37.07046053278669,61.338184055923406
37.03036673039694,61.32572123652164
37.2804286717549,61.30373146849584
36.727084877017454,61.35527804742805
37.00588838592495,61.3296737221791
