train_ppl,valid_ppl
409.16449466608054,210.92399637282244
226.2957398795185,156.74166087222545
187.0044235834705,138.06684185385978
167.37724335411477,125.40764476118895
155.18489235621536,118.29220851278748
147.03932986872078,113.35593377646657
139.94145101503128,107.95212820843626
133.98556098158184,104.52497396308327
129.4564069313008,102.21401493463911
125.74957582727731,99.75272079656706
122.62635461706171,97.48035942615621
119.82206624437175,95.74154401980162
116.46727028151643,93.97152218631672
114.05051685646433,92.66412610075471
112.46233284871897,92.19269233812298
110.29945201686189,91.1606041298877
108.51344097563067,89.90553909689962
107.42412790151694,88.55145525554512
105.0266507208079,87.99269557995291
104.17099093632058,87.3578755193606
102.99029160358387,86.54777519682841
101.67226812314377,86.27204442763407
101.05407061773134,85.36812693795574
99.5528793365685,84.81533714959897
98.7805601895952,84.59927865353247
97.69165912732946,83.89922841608075
96.76259035727954,83.34169943274794
96.7701048484627,83.38626118568877
95.85257140319291,83.02599501120999
94.98265309331279,82.7739099063115
94.42611057733296,82.39901280039457
94.09070232189443,81.82864871942495
93.04912021037482,81.21335622375908
92.66055248485745,81.10142392579027
92.23542976742247,81.02348871811502
91.40903230297523,80.492545611449
91.11132124997906,80.20046377495252
91.06658298230494,80.65037369243478
90.42801682758227,80.44254625459278
90.35748713718877,79.97796688650281
89.2138780157033,79.61941550318282
88.95097230732753,79.66618499473643
88.37951658868356,79.20479815708386
88.27164300884033,79.26349322926804
87.88978805537913,79.11467749901713
87.65868656683956,78.70620940900456
87.35727159072506,78.56493276853956
86.76591825028535,78.47690871088777
87.10648410285714,78.50187405982668
86.17529434345153,78.50565377368063
86.30723696923607,78.44531914175931
85.96147297113278,77.84729141374088
85.3749186509503,78.0185643882368
85.43831347697756,77.90580747044504
85.41149126353226,77.96451529767248
84.60805484280786,77.7269728723012
84.77478093920267,77.41985694296828
84.61089918773402,77.31341682674488
84.03175247780128,77.4366473105692
84.03904109616845,77.3132116552358
83.72848054640622,77.07931923080946
83.76181356131706,77.22618014279863
83.31080682879198,76.91077878912176
83.5167995509153,77.53041148762092
83.12108059295915,76.64439073606054
83.33035791847428,76.51815661978111
82.93630302106243,76.83404510453725
82.27980890376556,76.68423771699824
82.14499264228789,76.46627753635161
82.4953984512902,76.62748164854575
82.12781793573234,76.60517433496071
81.75937407194182,76.72468715317693
81.59717937713782,76.55712530896992
81.32062549476134,76.37988089755449
81.564104543323,76.28241817285348
81.38470325123856,75.95218152769658
81.15439029378223,76.2227518925713
81.14050497368308,75.91035508023512
81.24067434663125,76.11608192256976
81.28356385184603,76.0580451169546
81.00238144786812,76.28739247063294
80.84388983151607,75.85310778010779
80.63448663059721,75.6208516427881
80.39018819745512,76.06115928846258
80.57644398659723,75.83898958520163
81.0901122272706,76.04919349243227
80.14601022540278,75.51906072408289
80.25331493877438,75.47103486656425
80.34442081791379,76.07906824925972
79.98233749427438,76.12289232190437
79.98819927745204,76.2795262883674
79.82680780291899,75.46013456186401
79.37780008017916,75.78624932411311
79.54435366920784,76.04717535093748
79.55382043672097,75.54589179647452
79.15715799495646,75.21992729381606
79.57428213007184,75.25170148706532
79.49543325607536,75.03377357126638
79.51384839291241,75.19255634598521
67.86617551599767,69.57257277546792
62.87268313386798,67.97740434503655
60.500738257651186,66.95751861047327
58.80002938278948,66.19744471936825
56.9918814566187,65.61898749945749
55.99422910853182,65.2214466191649
55.04463883093938,64.84646984700785
53.989575023422105,64.49961216549364
53.21410099721078,64.11886696479007
52.45844118277871,63.98475392196715
51.604867596938774,63.671971952302876
51.174133115031516,63.511363153912534
50.62279732692074,63.408249652152776
50.16857686585332,63.252766149802326
49.40926873295602,63.17155103697773
49.282977883965536,63.073604044819376
48.65821391906455,62.99581912118481
48.202755264036014,62.771486904723346
47.953335253648824,62.724552446301175
47.37876766935053,62.61744611517448
47.13340530942582,62.55400053641026
46.57005529554549,62.355207464838585
46.42179832326653,62.443350311222346
46.32338356312431,62.26055608099314
45.661322290893224,62.29028007023735
45.39742111071856,62.26586711103403
45.0998115762685,62.09373749103355
44.94851303858559,62.10268346031808
44.5989533255697,62.0407943347811
44.37778736026333,62.20539538110637
44.178074857530504,62.076649564074124
44.02035207145895,62.136713456234084
43.520873366825604,62.10539104716566
43.21190989330567,62.027083539919836
43.19144663182809,61.911708518693246
42.84445956162105,61.946408850164204
42.440937151372054,61.84747738686461
42.34209297736604,61.85641132731373
42.542772216351594,61.849048353750185
41.99179247347035,61.91152074841962
41.957644386095666,62.04378147938964
41.7229605717046,61.8549339725215
41.70393143178297,62.07813221436294
41.67422015191133,61.79228441636963
41.12743735860269,61.85573127072494
40.035456422281385,61.76197854830928
39.35644029922431,61.6999143513411
39.322743201593106,61.65822224342118
39.211001255934626,61.6362300837081
39.18772929539749,61.64763417763403
39.15000432997508,61.56939033122217
38.922492468847864,61.545936548084825
38.98325287023198,61.550369911661704
38.49373054369967,61.526037013530285
38.63454790706287,61.45922355777212
38.83681666883313,61.47532581368808
38.570778031590706,61.444779392746
38.718749198607576,61.49035994623235
38.40515092279414,61.49653782592615
38.571374493671726,61.48227135913546
38.57399384938871,61.41960341086143
38.48010653984804,61.444360096731415
38.16256488154601,61.44519869162186
38.29664730031611,61.45801198123599
38.307179935061725,61.41846246831394
38.007838073873415,61.39017852736186
38.17229068180727,61.32000220826555
38.19082531864246,61.396090307102995
37.97588290684137,61.35806935552391
38.19376550253086,61.33841659527621
38.158177534928846,61.35592934129234
37.57911976925785,61.325674738206374
37.72091520622954,61.36542040768912
37.69096245580318,61.36639751257217
37.72643174257262,61.32741844915592
37.885348994551265,61.30705499725891
37.70951692051755,61.327557948173705
37.643274807275404,61.36539714347678
37.745663494732064,61.37777495027738
37.62423435371188,61.30389415452096
37.58728163656575,61.32395432532764
37.49642619834302,61.357255210878456
37.80583228590154,61.308054415269766
37.70077085066464,61.32049039717292
37.50097698715974,61.278055729824885
37.312915006519496,61.26860140317007
37.44561088872779,61.30798468790315
37.56482182340187,61.249952549964185
37.3542690902258,61.308449538512086
37.48533517646879,61.357743696369404
37.521456065791305,61.30921654972253
37.245153328448026,61.2814243313285
37.20355734415182,61.313749084579314
37.16336956332377,61.27185334111365
37.23613942389572,61.26305027935057
37.20289448734636,61.33950954204323
36.9925795596526,61.31158737231413
37.15195241059254,61.3420908340561
36.824976006986084,61.26077423171913
37.14364782445711,61.306241529510075
36.85381932627499,61.23467540481519
