train_ppl,valid_ppl
405.2461407202298,216.82286614866655
225.97485674747912,156.27369746919513
182.25851774844892,133.34162480678955
160.73722755105587,120.1923069915329
147.33428170708174,111.44858932485167
138.04525168979904,106.43549534119813
131.16428059757186,101.59939160732611
125.63574216039785,98.94659398791191
121.35411715963507,96.26633678702683
118.33576876063321,95.13568366032213
115.24796789960989,92.78730290829003
113.21214914180212,91.07859594268169
110.46138672922811,89.96517186522325
108.14638805797371,88.39119962693123
105.99137391315548,87.08088438605738
104.79064078846615,86.36141228675922
103.4155709439106,86.22551555050045
102.0695587573975,85.07534873648684
101.46709078623606,84.68643213790708
98.81782590814775,83.66478911788516
97.79066018454935,83.96082936864708
98.098818189337,83.30009836912849
97.81443141734603,82.89880380446994
96.24954167749266,81.42530502940016
95.67952874579066,82.5080126172637
95.64071358038682,81.71258465844726
94.177790518873,80.95409853007915
93.18588570436347,79.93328708579662
93.33982636814787,80.63429267402758
92.86896199906252,79.93598414033107
92.0045613216822,79.25096355857346
91.04096253836202,78.47675995430201
90.41248402383826,78.85617007041627
90.77282514422694,79.31793164465941
91.07065475608569,78.87099944758675
90.6171166849324,79.32508867160831
89.5843782935303,78.50017771198785
89.0051430273901,78.69651256687759
89.12832381968975,78.17000050431317
88.3525135647777,77.81091081811103
89.27084972713348,78.00395443053196
88.08912562450872,77.24983972954666
88.09128741567906,77.48615898762209
88.36362272074123,78.32665967465971
87.19188552520764,76.97965072588396
86.65477044101961,77.34754149171839
86.99633306079281,77.59969119798684
86.8868178630083,77.90973570258856
86.97981072662299,76.66232076770984
86.98513262261359,76.82807398995544
86.47042178385975,76.58159606086092
85.23414276083146,76.37319227541289
85.96999829035971,76.6796735917427
86.2152530076702,76.59881445507672
86.1476036308035,76.46514696997029
86.43261121982276,76.35501144935473
85.21523358479119,75.68951539419488
84.9301287643117,76.15014001331494
84.2435492021301,76.28727678560529
85.15271993181159,75.97709259256528
84.84448968759813,75.84088719375339
84.18641794717628,76.11391772833427
84.44557414707081,76.21050064550239
82.72292608426679,75.95097218104341
84.59008079449431,76.27880333437598
84.26620859626276,75.83778204084425
84.6488518962425,75.9607914806265
84.1190314058524,75.88140958985554
84.36433740247611,75.72909561753387
82.72420531925133,74.57978864593743
82.60104462903604,75.41752118894696
83.45811301240579,75.53850299426638
83.54900907028734,75.29259413277941
82.24499198355281,74.79500857648887
82.3613087565058,74.81225070868486
82.86194993464981,75.42847252938219
82.5409482012987,75.44949326366813
83.55965470182996,75.76456030379133
82.51084704071877,75.06788810201358
82.93928633880734,75.05445667789861
82.49495472844441,74.97400385539677
82.03813709519531,74.95422380606568
82.4660346936228,74.62342805149349
82.04577684314066,74.83857531083096
81.61350233268188,74.11233694851633
82.08754601669305,74.36783815012899
81.33445961085158,74.59070317374503
81.59169340253379,74.88724914391173
81.6280174167319,74.56570956787685
81.72793691055932,74.19788452560701
81.69384785421946,74.465903556251
81.87230672275363,74.47829788027587
81.91161941000652,74.56604879151746
81.97770612232586,73.98760840959426
81.54559836160172,74.26199035289106
81.29996072503332,74.38438960995379
80.97556351088203,74.24079384605528
80.42008344557593,73.78746657236162
81.45751171429181,74.64940320801139
68.6247550207711,68.06007602638363
63.555787945782264,66.35017973931996
60.786846433914235,65.2846523423497
59.61949455429286,64.52137849006338
57.71425709889659,63.918880956792144
56.55516361867396,63.41315373104499
55.74917323766847,62.960507075819656
54.162711260798815,62.580471873667356
53.74138532849276,62.25387662865041
53.06791515425771,61.98061168463686
52.20202030013353,61.683145264464386
51.684348709867656,61.57604303057204
50.739419899540906,61.37407530660524
50.62997944675692,61.22857025620766
50.05163420265466,61.01205790574504
49.6734415021261,60.88035780808556
48.85856412779004,60.80262677829559
48.68138178535139,60.728356215319096
48.476445187226155,60.65003749131892
47.97829648657499,60.54711624029563
47.6775336317028,60.41353387096294
47.4331434030675,60.38697182886027
47.039727852565136,60.426979631974845
47.1385869071339,60.3241167301586
46.459189193519414,60.25529610723801
46.193999841423874,60.24031272759231
45.955344695060816,60.20843976444291
45.97085806983419,60.22012760304431
45.22383489262632,60.24561130182898
45.09932641556157,60.04113278939375
44.79594504842645,60.16552012638642
44.51843883036276,59.978637664810705
44.53947090278541,60.052560484453466
44.152775165007654,59.99244150684634
44.256158660825655,59.90394284967227
43.74093008294731,59.92477168362997
43.54920734398227,59.94026739897154
43.41785007381965,59.89333814528701
43.40544531162606,60.05882159805795
43.13398643064154,59.81877223636412
43.14901156044062,59.859924036847026
42.62874094060341,59.9586311449655
42.39624631848238,59.80235571323622
42.34521039992367,59.71966143987578
42.29743513220988,59.84662714124205
40.67267705846617,59.69163933254937
40.311041938042344,59.671276103360555
40.10140522208172,59.61167442780392
40.00630170956823,59.55980888499287
39.987074187910196,59.53391560815169
39.844139814511394,59.51051524701065
39.54489668989593,59.490687427917344
39.59167912536414,59.48838701666081
39.608333019752806,59.484846361401296
39.632267779823614,59.42265992671064
39.28515239345924,59.427683815661624
39.704238960595774,59.42137586181472
39.2486794430133,59.412658470694204
39.413280208014534,59.390138833600325
39.25470972832709,59.390679204906455
39.0392125850715,59.388562778706735
39.08968048695916,59.3956778725744
39.27054858645048,59.37994024735832
38.91494332697847,59.32627457969437
39.04438376064866,59.34683505925369
38.91056104816402,59.296481280036865
38.9528739173603,59.300190573310196
38.765844435179076,59.30938612498519
38.908808274820224,59.354237676034444
38.65775126943187,59.328096391392165
38.79322138758356,59.313276115082886
38.55802113840857,59.32348574176423
38.573099098968285,59.30111231247873
38.74503784846221,59.312264243397074
38.40249139269879,59.276455105306255
38.39574011205095,59.29034459522946
38.6700211615744,59.27744389343629
38.48265501335563,59.286456109068
38.66414568499032,59.28618639694295
38.11677916634365,59.290007433152475
38.25089360257182,59.2838039931269
38.24947914641261,59.324655238483196
38.324826655753725,59.31932521919609
38.05701104865982,59.260794002297004
38.320356243303394,59.25839015344365
38.153457210704694,59.29068175922377
38.24378327516058,59.184771803395954
37.996276447401115,59.24861850085818
37.80886993358597,59.25151613319865
38.04471823880061,59.26279353964885
37.991014197968596,59.27600566160871
37.88866051064905,59.253942166934564
37.955564110186266,59.27814054952287
37.928714551797384,59.278410225044745
37.638668791077976,59.2678488506934
37.83380311518353,59.28112952177887
37.64440108929833,59.24774250037312
37.650729142866105,59.26384950232606
37.572020639008194,59.28953540946579
37.86651706783466,59.32177651880024
37.694497745830134,59.26686022261515
