train_ppl,valid_ppl
414.4940380411832,216.48389356728032
227.85713155512957,156.8151834461732
183.22848886431296,134.62814941366267
160.6705614884948,121.46261066746666
147.80859851017163,112.5240532365094
138.42208050773064,107.5921336060136
131.41819845077947,102.33444428395902
127.42996402836856,100.92075939115198
122.90848394861155,98.08512352883177
119.00158525285399,94.32784541948268
115.18169718694712,92.78023269063614
113.68865709861751,92.39860935860195
110.80664168320921,89.81410403825977
107.91530251179935,89.43142340993552
106.90859009151086,87.4813943099717
104.78260915372196,87.40919068407787
103.26236843146758,85.39068753728942
102.31099606496049,85.28699692264009
101.0413320395737,83.94991226771674
99.52480446411235,83.35389623985222
98.12365392172256,83.40700158280832
97.63673103007731,82.53620032850701
97.26228554485935,82.4912171949919
96.58777496154076,81.74682254254509
95.90952649598758,81.35581745934488
94.80640007157055,81.06502844697764
93.98419853233882,80.81387259090162
95.40824926191104,81.41397685391136
93.80532022155069,80.7249507982177
92.98629863667736,79.77855599301591
91.88197674351007,79.55909958429125
91.82571554811628,79.86903925507914
91.48896335356278,79.264575020344
90.47259345918476,79.39311264482883
90.90740619041247,79.32599086369294
90.0548448510978,78.37876094574582
90.31223856295618,78.45822708996371
90.14513698923247,79.11035860624571
89.62763513504167,78.8572463023307
89.68040903163174,78.09476385071467
88.15115752629465,77.81035034180498
87.93116247416866,77.88844292271291
87.69614904866543,77.51189641166405
87.59152410153904,77.19357224791693
87.25126169500325,77.90444887986217
87.7712105688861,77.76237084227857
86.90977919441808,77.10223229634755
86.72547112754117,76.18932565764123
86.77248138563607,76.44848030292447
85.91521979455119,76.71872453728676
86.53762645885055,77.34592873300231
86.60887210953649,76.91742701164787
85.6518701106669,77.11983088030313
85.07509280048451,76.89424820067414
84.98767901038617,76.78462990328761
83.59654570495275,76.21009615677801
85.35230543923839,76.61025681032632
85.71717070285658,76.65630487629211
85.03003117502016,76.28412443612494
84.63448248955153,76.34705146299078
83.49184360934346,75.24054761611201
83.78501936888803,76.10055879832342
84.5983847852599,75.76970190744848
84.79977826449749,75.8235229712048
84.1895311398274,75.8562423183445
84.29553323094844,75.59410858117178
83.78062554308092,75.38381934012003
83.06398453550625,75.65683927974639
83.1595950912735,75.17200617294048
83.63857014289282,75.5171139093851
83.38856215838159,75.67301778708983
83.24079108212456,76.65238172318372
83.17170093663051,76.18054539697512
82.72681946964866,76.02477757658156
83.03349723746923,75.86748746161668
82.79178259748286,74.99876469038863
82.5997950664335,75.25546736157318
82.68377993800121,75.28931162808607
82.02250127349473,74.92567130455605
82.3335426997843,74.7076396323929
82.42362959185729,74.84700227471238
82.41700749635399,74.34833076729272
81.84913539582654,74.43474334611429
82.42568005566103,75.03639065074044
82.17683885733715,75.19996832743603
82.3146959070793,75.43076021640043
82.18211552803058,75.3846767067647
81.94114385927458,74.22340203015246
81.04353769897178,74.48823741615982
81.51777845135673,74.34771067431386
81.33774077412622,74.57848805742134
81.89898113090815,74.85003848410196
81.17706475400006,74.7169016245621
81.26154259039754,73.98323283121967
81.23630471252176,74.89656179743696
81.03027062800977,73.85684555733938
81.55881271747484,74.22402108634186
81.01597077678049,74.1760032923095
81.52808304520576,74.65463894738633
68.42263871541378,68.15158056780362
63.30864056699803,66.4874863053016
60.92690497755366,65.4569911567815
59.15082899366939,64.61280380743395
57.24315037910656,64.02331027429958
56.38662371965791,63.516371526319375
55.416311886023216,63.16439071031003
54.43884608406369,62.799074000923966
53.66034633071933,62.45424078112048
52.78127157618852,62.22994977434637
52.11948282139083,62.01993537372807
51.48731164410898,61.72146124828631
51.10210170147856,61.55354346274579
50.7212230887319,61.4181132044243
49.93941283306774,61.3327196349093
49.87289157340328,61.20429496669214
49.13587855218238,61.180841094648564
48.84604992186192,60.983082580439714
48.54560788324442,60.9397262516365
48.12288480614641,60.806545550149096
47.6981499865389,60.7453263156017
47.17176579572866,60.67094173754066
47.244117342760106,60.59701581115499
47.012362643940115,60.62456658810099
46.40165564505565,60.49118026699303
46.15590692272231,60.48342948260791
45.90820321262666,60.42242102339802
45.65997150043997,60.328828020534864
45.32878148315104,60.3827596127041
45.251893214833466,60.41479356820772
45.06277244586917,60.448494490984494
44.85414145591805,60.411770338946475
44.359262291471126,60.351520552147505
44.05044764029863,60.34657870955645
44.181817591628814,60.17471298582966
43.898374823302845,60.16629564837027
43.29693098982696,60.22053854490231
43.28173795079217,60.294919512391765
43.678979679629585,60.17954949552582
42.95498773703911,60.23245707871703
43.04342453457333,60.19992641968978
42.80056681191308,60.136604855183
42.69501431704674,60.1603426328257
42.869427517933886,60.10763511835148
42.27477568842507,60.08731221331121
40.97397983343199,60.03218792425187
40.208357736212804,59.939358448757396
40.24411251211497,59.85999211729185
40.118313988406335,59.85080195755309
40.09806206780164,59.853683658251875
40.097563314645114,59.83303831600763
39.76231635189434,59.786827653415436
39.967949960235956,59.776719580289125
39.373789419507574,59.7025478302998
39.4852784754099,59.70191408709843
39.70907105180044,59.693834450936876
39.358186775249145,59.67804044992946
39.49992229900765,59.67177378834663
39.22605763895131,59.667113809646374
39.38035523008462,59.68233926258409
39.324012270777025,59.67645675489965
39.22589939821953,59.699718671598866
39.08199381170708,59.62132513345978
39.04091873480275,59.65566899891379
39.129859736912756,59.65290990661127
38.781459966759506,59.63522760745347
38.98525800665138,59.61016029025431
39.00882936495711,59.63977204571145
38.71946509681331,59.649382072853925
38.94715185887638,59.64784436445793
38.91555819363386,59.620647046908005
38.40214282716316,59.64015641706897
38.39166151961997,59.62788036774198
38.453105679829406,59.64341236793273
38.53745564801944,59.590864055209856
38.54088894607204,59.583364160656245
38.41314353170349,59.642078311015126
38.45919473574377,59.610747861453376
38.534929454219274,59.640179027225955
38.354741588583934,59.64099299858665
38.43779034410934,59.65191485545245
38.289760163134105,59.636945861802445
38.61765433793778,59.60663498468114
38.43784203118333,59.613505003658666
38.24958201418779,59.61321120374685
38.0872162836649,59.58663960090499
38.25835250918223,59.588130550580026
38.32316468359944,59.59610550570578
38.116253802343294,59.56861561598256
38.26658471479432,59.636199771596004
38.237676906305,59.62815163434392
37.99322374306559,59.60252239167914
37.99157615101045,59.62107650082864
37.847567268391856,59.58045029964114
37.98261143720161,59.6222292608587
38.03203305157548,59.59547289239085
37.78940271600867,59.61861283352468
37.894328969498716,59.57907247700202
37.67098606356967,59.56172818975345
37.89520797501212,59.63025399235267
37.61669674351696,59.56186367242646
