train_ppl,valid_ppl
420.75380954958285,219.43050481951812
229.67129747486203,158.36192572910912
184.7619715063115,134.51162721084597
162.20032095172851,121.79640732182384
147.766467982358,112.8128402950508
137.91073658912435,107.45679863225236
131.5781363767288,102.28351785798675
125.61137470648428,99.37315491851683
120.95936559890127,96.84520993181297
118.21521322155998,95.32085047910391
114.9346513850672,93.20540079398862
112.90057178413578,91.60244785786296
110.32986158960098,90.15900385730515
108.1789678785401,88.8643148786192
106.16136531576953,86.87710165715445
104.88847885678263,86.41332147197087
103.32073924724705,85.88371303297684
102.04911022043996,84.74706889718338
102.21312254257217,84.50933136587818
99.19039022410725,83.82445169843162
98.32454949636318,83.94201973786055
98.6353183289613,83.49982742477623
98.47141924180185,82.84866032199326
97.19478969924683,82.11971742620885
96.23300891150069,82.06615609418758
95.53923189458769,81.65548114996238
94.28914140930286,80.67505175589042
93.61044835626438,79.7822459454439
93.18538447996588,80.54865263225366
93.36750618492424,80.19970365951637
92.23567782448528,79.46417733216526
91.53775561213031,78.78660491734136
90.8675332954921,79.23513153218833
90.79940795143158,79.13765557251149
91.69097714984945,78.43841991145844
90.32092210214698,78.71644460292855
89.40302359413701,78.25388287489686
89.68520271739932,78.44020413698364
88.56820326527287,77.59004243680937
88.59020918228072,77.93995722271626
89.09309480739795,77.90374005939812
88.42997998966807,77.15881346942072
88.08829645841047,77.38361742774414
88.0457529468123,77.71041416127697
87.62633611140612,76.98866902374807
86.83314824750441,77.34519567197513
87.00577998212711,77.15100367604624
87.1538180872596,77.59569034652847
87.12496355780277,76.85216518035048
87.0084416838786,76.97390174761769
86.1220642329803,76.4310638955057
85.6653467038097,76.40165917104287
85.77542727558004,76.38963980822253
86.16101339810491,76.29745773961042
85.95618480817147,76.8818890243194
86.6071251916008,76.42634099482693
85.43828475490041,76.01520936802599
84.99542199316136,76.26104973485187
84.52103568825137,76.5830477153307
84.81494557003458,76.28273628684022
84.78227651282207,76.1079160182843
84.25892860149477,76.05530590483045
84.30610393401126,76.07174265748098
82.5668967200065,75.37387459961764
84.46385822328361,76.19845358023112
84.4869177012869,75.99550034884614
84.48376511056884,76.18525310828096
84.0844820847553,75.86118882563615
84.2614496179855,75.71471346219737
83.52292036941103,75.09771901047067
82.76718242119374,75.16251679633262
83.44921961021218,75.25949020842289
83.37278106706285,74.89588034449747
82.52111071898818,74.60461727082851
82.55818154848278,74.97505552711763
82.90892842450396,75.11019002072265
82.9574116032469,75.41666344875472
83.39074876184952,75.1735736026701
82.34389505004553,74.88634065434604
82.53678609648065,74.63474509116782
82.52274747759714,74.5399896037974
82.29029281660586,74.79384600994793
82.32449237977815,74.73511739243938
81.82049677587318,74.65998827115577
81.8019324209975,74.34136911122026
82.10206260851271,74.27412547242022
81.55892238913779,74.67394360223204
82.03325575151638,74.58988311486888
81.82902403943015,74.7627186318685
82.03251116530092,74.60275059488401
81.59194026346546,74.38940934946851
81.53751179336386,74.30668328893482
81.69467175714946,74.73406908631983
81.92379144796087,74.71636343457588
81.39427959282726,74.2534885038666
81.32535507603579,74.64173422027032
81.07874546527403,74.29581032050122
80.57127041132675,73.87810049017561
81.69502878433292,74.58575467954643
68.63707540626295,67.93530776223875
63.45113923746802,66.24107608477487
60.78482341086326,65.08833383358139
59.55313076855047,64.33454983523936
57.666819328438535,63.7579877417515
56.57549145977178,63.2405376709514
55.7648057440594,62.73121105317724
54.24806499095126,62.43397655823736
53.582131399586665,62.076767233438275
52.930119668071335,61.90142893410638
52.259507116464,61.627047582640316
51.66817520964047,61.52890606871275
50.86060255350865,61.317119648232136
50.667080591217456,61.19369205362795
50.178629613946185,60.95488359416329
49.741017721221624,60.890006148349094
48.96748419725959,60.763038300719366
48.67815791184916,60.58176372052048
48.54621171732224,60.572439785339455
48.042242253454766,60.420267830395076
47.76003649941523,60.37504560909793
47.5386620539231,60.22072118662818
47.08845866186937,60.10784020510652
47.02589307339792,60.00897846088392
46.3877902070439,59.949516751083266
46.14692381025054,60.02907005296353
45.96552668820453,60.01776059443523
46.02044633897589,59.953335081617716
45.210306204775314,59.92640740577564
45.12550222376635,59.83031638479295
44.86395880673741,59.8830758509551
44.508188361172934,59.80224235512359
44.511405407556104,59.88736672913169
44.22718631077161,59.71239434774825
44.64940322483708,59.72994101788551
44.264148728406404,59.88425637937236
43.86586142211697,59.695825968382714
43.89563002106424,59.79210900809211
43.71339715989433,59.749576758244615
43.63175305736698,59.72174438323199
43.23149631095687,59.79918176730419
43.11516889311219,59.76733827951643
42.74131323246019,59.82512237634275
42.822903448961256,59.737142304668716
42.66964588540372,59.85229951697794
40.99573531998037,59.690779411269155
40.52370898295398,59.63601890264864
40.5680215336605,59.588107960155114
40.277448231065314,59.48595138405106
40.03464889927384,59.45231377356262
39.99928192063333,59.46259241852817
39.72610819612337,59.42000171783804
40.08058244994128,59.400947193939395
39.74594511116671,59.41959623880218
39.888956332023824,59.36371167226036
39.94112695606195,59.31181452818883
39.81892588259816,59.31653670794481
39.568513775840216,59.28173632402356
39.58940323781943,59.28441082274751
39.28817682592847,59.29135609296448
39.29644567676452,59.28425349595311
39.37568227273998,59.24695635711902
39.31423092132653,59.29009734285221
39.2500120959057,59.25111180389975
39.331032549540126,59.240712504017715
39.190377332586706,59.22101948077193
38.95255964061612,59.203128534429155
39.13393781807913,59.22804714018917
38.80920020414357,59.23033748412306
39.00185348553343,59.21318451149247
39.12767616493733,59.195071517537386
38.75798690978103,59.17075001961102
39.012107934699884,59.17918512658429
38.635496035721694,59.155677503751775
38.486044615260795,59.21498040141279
38.751550919938865,59.173127880192666
38.688537350541715,59.187688751842565
38.890435068831756,59.16841711718988
38.64460185306147,59.15661942350014
38.5361860529997,59.19195224279311
38.39931569027611,59.14953296678863
38.4354386557673,59.16985273856376
38.432466947731136,59.17786145313639
38.22608391677378,59.165501118507756
38.5804651985085,59.1570231079835
38.34168235136451,59.17391304382245
38.36218205645725,59.18400893290262
38.10827172320056,59.12919775666544
38.122776517295556,59.18221398229447
38.32922027807104,59.15652971621127
38.07244344165884,59.16458148719433
38.10941191787242,59.1227197594011
38.095885514610394,59.1272699739589
37.97332969690465,59.144106570765494
37.998166947953145,59.136057586235694
37.90529888990822,59.13942053845915
37.84769450203125,59.14464470350513
37.76453688137259,59.18234860170174
37.869215863153265,59.104477588415605
37.87385009245129,59.160992818800814
37.80301092383736,59.212443722768
