train_ppl,valid_ppl
582.4569277476992,223.15143026983515
234.41471786120454,161.19010835168717
189.10065575079685,138.8181609821482
166.28556696730058,125.54588153664616
154.1823261615658,117.56931616262398
143.41091179729614,109.51752220519583
136.02371535646128,106.39628167412491
132.4542450953417,104.07093284201996
128.08045141102198,100.88591052801263
123.0618714159543,97.29070255268081
119.37120567853641,96.10326723878418
117.63831731633867,95.18586587350039
114.31990984025036,92.38207705775658
111.91253309889278,92.1720734775409
110.45986423867964,89.89228137973832
108.02985741508908,90.47215800158374
106.60930765628841,88.2425406091513
106.11462351757882,88.25394902062165
104.72063128259813,86.84492920359337
103.1461071346193,85.98467370969712
100.6909557886577,85.39408670955939
100.72619940277889,85.24526508466833
99.5918425735521,84.33301658425373
99.56027582330002,84.10386935618727
98.0543736387638,82.79000960651966
97.44615078341954,82.99109552249803
95.86629941726075,82.34539417383515
97.28556858523095,83.04897563260769
96.73900970470145,83.13150642145617
95.50506472879775,81.73888923129213
93.66421341573997,80.96392007674952
94.52863434087742,81.84049998995336
93.81175355082219,80.83486187394602
92.59902051228966,80.94823686221578
93.842728006224,81.22213149405556
92.3301430122874,79.47550537576987
91.75751960696697,79.7604111693995
91.8543050216006,80.29297797304072
91.33365375060792,79.73676861024438
90.88115838631572,79.2087618592247
90.49616774628569,79.08256137766622
90.23012022907143,79.00905228275968
88.41996228838029,78.16235504989339
89.52257172601553,78.43321615215113
88.56001572019439,78.44885820655318
89.53172110412397,79.01962642966889
88.05703074842975,78.12958882260382
88.57493250533713,78.20319874458667
88.28740161293526,78.49702319768514
87.46714453163308,78.06371283775532
88.16594616648308,78.24252131760957
87.77212527018443,78.30872631970561
86.8528544002972,77.00446088559086
85.83750353095013,77.26498215392535
85.87964403903229,76.81884152146736
83.23018607430909,75.73811097579507
86.2857111244289,77.78404199748178
87.72333484138433,77.73914371157734
86.47239850180272,76.71125010757132
86.904345048907,77.05898374572949
83.88464638436207,75.3402208173459
85.06602709087733,76.56443958970907
85.51891691410007,76.654764651502
85.96566327662545,76.54191848600559
85.35870425562999,76.27828281174497
85.78849071126771,76.32167188540541
84.77529392311531,75.28537281135368
84.19154062530986,75.41706372629712
83.96048165295517,75.86044107709624
84.77247255000879,75.94547277606073
83.49229269424289,75.46016316952688
84.45792398206937,76.34094454516266
83.91440242920272,75.51705665088907
84.37270432410816,76.52961593944019
84.48839463109677,76.04420589725966
83.28865633902289,74.87685895233341
82.98220780162289,75.68782243067061
83.33923865326567,75.62151102316028
83.29800867187338,75.12747632862626
83.67667743270125,75.33890696773902
82.28420700534828,75.09695031732353
82.99970069092501,74.90516567409253
82.53828443003724,75.06942490121098
82.462042695365,74.99410186471322
82.84156186792418,75.99959156697187
83.35299585526786,75.17049577157667
82.56667466599903,75.70449546694817
82.66510308109474,75.18269384210119
80.86272607414644,74.16953578314153
81.30941775887051,74.89610749478834
82.200130589947,74.15092375177844
82.84080994500621,75.04660382307854
81.93706708952108,74.63055758646864
81.3762770026449,74.59859316632209
81.84134888084537,74.86874084426063
80.99935888102769,74.7116048707439
82.25580328591141,74.84183816407511
81.31436537377755,74.481319132971
81.27323551974983,74.99651853695276
68.9484240828431,69.30182763591185
63.845117312220985,67.67039537470609
61.46949908157026,66.62214712950247
59.81492775117664,65.89700068404599
58.0462841398126,65.35758189998158
57.39915893324912,64.8097518760636
56.195968307675635,64.3986538663437
55.09690194073465,64.06606726990901
54.443293381478156,63.72396368661587
53.59503017633897,63.51678088190727
52.76665282881847,63.2450691256088
52.418230873210526,63.029597769586495
51.951236257069766,62.84808942484674
51.48031941998524,62.76127870603804
50.60853822290506,62.5576764413307
50.69815816618755,62.44898470853573
50.06686407129141,62.40475179429014
49.873964604838704,62.21584337649641
49.480577376086025,62.19046934879177
48.995658031768954,61.965622129713765
48.552299437148186,61.97384479086539
48.049462078495985,61.891174519833385
48.200519097591965,61.85934269128343
47.957962098285414,61.78343000581456
47.39495275075333,61.720338097133734
47.21950632666704,61.69465159481262
46.9105195609685,61.58164586125288
46.686239368329424,61.64333402558454
46.37912056553924,61.53966038468363
46.20358234575463,61.607472161321304
46.00616896282851,61.49949876563333
45.85630014872917,61.46845096265706
45.5217731403836,61.439748029409614
45.1001148043607,61.42321265440227
45.314033182200994,61.365629785997186
44.80171309404603,61.39224991295614
44.46260612277958,61.452699966059015
44.341520083696714,61.382056577300276
44.83154407999063,61.32590723013512
44.22755801234114,61.2710403404466
44.073851420305836,61.236695112679826
43.8639296688939,61.160433566916
43.91852338232063,61.26553544833316
43.9822181474314,61.279263758723125
43.42774723751222,61.34085831170674
42.25462836841851,61.64029605550627
41.5213046485357,61.55900422038468
41.502855802969954,61.46029535692553
41.50660910184623,61.459806054993294
41.43458831722841,61.508265848198924
41.35373862794684,61.437558583284826
41.15909713172506,61.37730957403186
41.17786382560912,61.38878212707548
40.70426043133844,61.37123673750369
40.7916560407426,61.310750600931
41.03598376699413,61.31216847027148
40.61455339317377,61.31453940701362
41.014758440529384,61.310704113966814
40.57143114861408,61.28999767663802
40.76617141389775,61.29062504167752
40.71278626086357,61.26133162332044
40.61677897945559,61.257871232454576
40.344595850160204,61.264978018482985
40.49183010902271,61.2714816823273
40.554563172362556,61.266046430151334
40.25514015539769,61.23318968523394
40.281199042130275,61.190838629269514
40.34189694782312,61.22334770344996
40.100488523012245,61.23339861237187
40.365596492743286,61.210815394247874
40.24745431314916,61.23483790758143
39.7603781797654,61.189284380922196
39.858782733451406,61.15329254051513
39.86379444637317,61.20779873999687
39.84572040122532,61.231587934192305
39.98029969762596,61.21568876518761
39.818296742713855,61.177454829180796
39.9073853825706,61.20905179371073
39.944067608292265,61.17358172793239
39.72636193923392,61.17668946638027
39.80117992162852,61.197195219945804
39.66034994101346,61.225668783011265
39.959633843314215,61.149838252315426
39.880093569108105,61.17592411315478
39.665430044752064,61.13736734586756
39.438648281822495,61.17481088919203
39.59768223999443,61.14918914611032
39.74653302268284,61.18810132282166
39.497731354432986,61.17513557742192
39.60866590277744,61.183206952971396
39.6754188124415,61.22065536139587
39.427287622539104,61.15266658119806
39.47813776437959,61.1534316434557
39.346227612566295,61.1807019293609
39.36690708385641,61.188286899050276
39.449070620858784,61.163981204960194
39.178192574655014,61.18012207740316
39.319967255535964,61.208912564253524
39.01402274687938,61.190189087844956
39.31744263667511,61.20612804161496
39.11533995723557,61.156677468563295
