train_ppl,valid_ppl
416.51242601487735,218.64943006268302
229.95885058821307,159.17986706545602
187.09522397862057,136.46018974582785
162.6540226547179,122.69558165594468
149.14157585112687,113.77648510263491
137.5851046751176,107.37018404877936
131.29256844938473,102.53805381513041
125.54420920491415,99.24285308948483
122.02116359977687,96.21748173056595
116.78892640320196,94.16170517486603
115.28799667083722,92.92244401145703
113.54958650664494,91.94365299737538
110.79915463848144,90.12219936160253
107.6623048267861,88.2931369365542
107.06374693992743,87.95430789536698
104.80265416303797,86.2825765814115
103.54414429981017,86.36838628118534
102.77381664339204,85.70807246710135
101.40397183654946,84.51333624756714
100.89632745197153,84.91034197909838
99.85047695558579,83.79153548154946
97.533295366321,82.91169017441914
97.75946715428452,83.02797801957702
96.52327815110834,82.28850355762698
95.64601878388466,81.48580007827432
95.07961202311652,81.6320814857573
95.59416902119418,81.10431413175594
95.00823297529267,81.19805565216352
93.25649128956168,80.08582861518119
92.87732935415316,80.21889117711828
92.4477622988372,79.54860403488966
92.04945094362529,79.51730656789591
91.78880321918021,79.8584422677772
90.2871338651296,79.6513570890632
91.0927618478204,80.04564033792272
90.38902269546888,78.9249887695148
90.23197055857798,78.8737204626735
90.24695659222488,78.82511515010017
88.97190683132334,78.7467999267076
89.09597012310371,79.14752679372397
88.17955153518523,77.59136612876496
88.60483318680518,77.91800631244753
87.90686741960556,77.98990897436514
87.44330104006966,77.54334527477697
87.19672207105464,77.6139017715786
87.9153196818961,77.42722429582858
87.13378001956713,77.18669532149927
88.1870813343825,77.08945976031796
86.5589823585289,76.91550246708258
86.56785795393375,76.48860239849093
86.38488483754466,77.56980746923654
86.97486925760782,77.61069460318522
86.10101874390507,75.546808287437
85.77793599299198,76.21474790672616
85.69873055778037,76.74196681320488
86.0558765912381,76.87230037177974
85.72884190702268,76.82268582148042
85.75123777752955,76.12505677132005
85.82841428431772,76.69633250899638
85.57390301340679,76.21052953763626
85.08192846956047,75.95258464752676
84.24895857870594,75.40728612568579
84.26334751162548,75.81001382668326
84.36657795437738,76.08665415263197
83.14508717340391,75.71141255451637
83.18207478333953,76.17419189207243
84.50950050610116,76.5664424312979
85.28900310265288,76.58423809252919
83.62901089007683,75.8297322364728
83.51943874791809,75.23393024401581
83.65352975450979,75.40954458165314
83.7219787767757,75.4692323453277
83.33509232492055,74.87592220263326
82.72412189027976,75.09421724985627
83.03841018466348,74.8183771598407
82.66010106796487,75.2799786793213
82.6240121790822,75.27144589470493
83.25959800652049,75.40557088786653
82.24349897419114,74.62617227599272
82.50194364050085,75.11870452534421
82.51436983504188,74.77850749488924
82.38584369029117,75.40154023256369
81.61937390833643,74.92498958676114
82.62131795208232,74.67360388774512
82.17258461563499,75.05280637209813
81.68209441059963,74.23834523717899
81.69780266406474,74.37962399096457
82.44557774509575,75.0503594337379
81.8623989394727,74.05801785706056
81.03803446135983,74.44834610923864
81.00287160447022,74.71715655801384
81.90765424976578,74.69161088537483
82.25685407648683,74.40641693978408
80.90432812619378,74.57673512617723
81.77784629387581,75.08892221468837
81.00227252458153,74.32789860788122
81.0990268460405,74.62147603569575
80.60131428772134,73.90916777417628
81.20818081879666,73.91603291242652
68.01401649926495,67.60265013701134
63.370901707746086,66.05495216261608
60.80225631374252,64.91787624081736
58.92538677360652,64.19543446390942
57.390418480829055,63.65708014546941
56.436745842373185,63.237133299576946
55.08814167979642,62.769987694617164
54.245986041012834,62.529982037231086
53.62806591709694,62.22256592642832
52.73769341416886,62.04338161704953
52.46089252293073,61.73861524172862
51.649471684848045,61.57508593131216
51.148901980835944,61.35611542652336
50.599198815680076,61.24092046411934
49.99333235870976,61.108077675929685
49.45682965289985,61.025729417180166
49.42294071853347,60.8623578161426
48.776131241716705,60.71735236194711
48.32835750547989,60.6819371798788
48.105545511084465,60.56610216600563
47.8417653860391,60.54654239326903
47.32054076402175,60.50136328008141
47.1946384156565,60.421115354653836
46.80079381274118,60.328439210798045
46.799063195105106,60.34662446550212
46.222970862731444,60.22560705839636
45.772454016865844,60.22277594421432
45.940917630501595,60.277298277090956
45.37627373455482,60.06656351371396
45.2842465062483,60.10136891595258
44.86591951819116,60.03721782436692
44.643669796526844,59.93681346148565
44.76970454821729,60.0221521431637
44.48835255304955,59.7679727172037
44.195929956126875,59.865348021592084
44.17721347948823,59.913663585342256
43.812452528709315,59.900695385296586
43.63672573559914,59.85352482074211
43.330843495419145,59.86455368348711
43.36561352182767,59.89937828209677
42.98409484131838,59.903988270002856
42.76183636106309,59.90348864826086
42.730868617033195,59.95153952684899
42.52871592344236,59.82246884300949
42.55232685492842,59.82931837437327
40.65556197797107,59.76795005859891
40.51401057479357,59.67509933546701
40.454794448988046,59.62939495539329
40.139439731924796,59.590389636322676
39.96228030345635,59.55775416844615
39.81871170620239,59.503657096846794
39.974050441789466,59.4630432769675
39.90864648755134,59.515050181697596
39.660483268754916,59.44945139711942
39.94487330422058,59.3926606084274
39.53564519041202,59.40689263053854
39.23039632102522,59.41669038668301
39.46518690818156,59.428337177720486
39.256306523547295,59.40916736782669
38.92996455180843,59.39853765992615
39.136726944102875,59.3715890673224
39.051747961713644,59.38678413841992
38.95375128669115,59.39592556524508
39.046825213519924,59.37138649264159
38.74292784810591,59.36150618894322
38.85763335324499,59.308756555199636
38.837952548901534,59.3367113945202
38.759172603440256,59.355655303729414
38.930422607050886,59.33228002257999
38.98403918594769,59.33565413359057
38.53205368131509,59.304597065630695
38.53214435556217,59.337543719568586
38.734423888239505,59.279758621057006
38.55799521406089,59.29843706030017
38.64652461097268,59.27694949730958
38.63793789884383,59.314962606254106
38.54913010940865,59.24062266920698
38.35416137012622,59.22923720980702
38.48291375106769,59.28346686824388
38.26363892522992,59.26807354119289
38.402052458837034,59.25544725630793
38.20099495192055,59.225442542954966
38.26199246916627,59.24257660708155
38.054951310334324,59.252796527514505
38.122930307932506,59.218909100508824
38.359899471777474,59.20983981170563
38.07410734020712,59.24401402780978
38.362891361842124,59.25254943172006
38.01422722148547,59.22663256023862
37.76201057531598,59.21870704676903
37.95706977853879,59.24769757762042
38.1445825301933,59.25596393759385
37.87237318858418,59.26504029132105
38.13971002877919,59.295874326864194
37.75915440268427,59.28216333673389
37.89062208360353,59.25347043037316
37.78126046444896,59.25014591729863
37.62346281751958,59.256795129985356
37.931915092974165,59.210513226002476
37.40704787861431,59.270477782858144
37.57862708167866,59.256795129985356
