train_ppl,valid_ppl
414.0545084002295,214.7235244342035
227.2774757806095,156.45657475519545
186.32087766050134,135.50888544276899
163.40184433627905,123.02908195756324
151.6297671328596,114.80040177051085
139.92456302883733,108.15895986683988
133.76400077568377,104.02139005711483
128.14845682687644,99.8430313304697
123.94196733558526,97.52323750619298
118.41981676074083,95.53274030644884
116.7498679207782,93.36988911903761
115.29008955429262,92.21411987045629
112.61892426178937,91.01939835661966
109.92532309896437,88.72441234812521
108.04823525686783,88.60528544604858
106.25437488861911,87.09055778934369
105.27377334405016,86.64820253603041
103.90465842517146,85.5724901017815
101.72423424575994,84.72628435670104
101.6935299977892,85.03314019449648
100.62842112976281,84.18945920545362
98.0237225940697,82.73776760195878
98.52986419393457,83.37355391786643
96.78227240481164,82.88180314708521
96.15274729146914,81.97647793745269
95.8622065876598,82.7295185769851
95.97809796647725,81.94584069140183
95.11356303287428,81.42925637142048
93.85178255311759,80.83176676114385
93.11761871459125,80.36883941558526
93.10638137892072,79.94219680317323
92.6083909118907,79.55128810971067
92.39158949469538,79.6106926661516
90.44993751428379,79.33744959585772
91.65020598483261,79.53286330683228
90.80566565653677,79.04401526779682
90.9402953925202,78.8949834941536
90.43303288207632,78.33752857342351
89.71602107907151,78.82577258662403
89.09234604249518,78.50014795182665
89.10504594696742,77.86134070341976
89.01765094893793,78.16534794879263
88.35569171007624,77.89733143380388
87.33213689739691,77.66505783240827
87.90855189655025,77.7958088679281
88.33576336107552,77.56148560600822
87.73645898214309,77.717868091009
88.47841983886723,77.01759891307273
86.05888533161651,76.57552844307067
86.16616932849082,76.78358195813203
86.72724958796876,77.46366043566054
86.39975474775427,76.95557792119382
86.38363611392737,76.0238264658032
86.27851769958865,76.29959822664127
85.77949316484208,76.65386377964833
85.8304051798267,76.86781247724574
85.79910441499108,76.50577088019526
85.67024257246968,76.61269651827519
86.37695720106441,76.73495557293485
85.81098870652812,76.90643442785256
84.74377967520898,75.83252082196672
84.19697496712662,76.01869643709202
83.92565888782602,76.00575762163733
84.52026852135651,76.32366837645792
83.69592047399134,75.43173250439342
83.14223620391655,75.42604193794689
84.42093665447739,76.15738653861209
85.50554959082588,75.76260716033117
84.15614107882315,75.36058841643175
83.8153036009525,75.0683719057751
84.12103920860561,75.47312355612738
84.1857670214467,75.24745083998393
83.6342402283092,75.2725302752199
82.78170788573792,74.9707068180553
82.52249780045672,74.6004880199932
82.27366855140586,75.76691563199134
82.86623986619544,75.25883398468447
82.9717473092023,75.64530990181717
82.04983143876663,74.17186964532948
82.26810943845908,75.34790444012795
82.49645230261424,74.8881860353197
82.74882053976845,75.49089406112164
82.04649396791761,75.48625787386315
82.9565470776145,75.43908226315928
82.62323445505197,75.1167680314757
81.78590170904417,74.48631717517664
81.33987360123639,74.31381073513141
82.5794715025461,74.89849261443688
83.08886845332842,74.19540920377196
81.88474819307483,74.63531098820195
81.29646244789417,74.4252059615916
82.60007274537828,75.23495703946763
82.83373663387287,75.01517218030986
80.91178068773094,73.93556701798425
81.35756728478131,74.46906546569839
80.71989228620215,74.5447372370356
81.5543985554661,74.66468693518817
81.03179609443954,74.17501906975276
81.49133778127847,74.517301223579
68.04223714302796,68.20350670154626
63.458946710230954,66.69507898763065
61.027595674408005,65.5146129786275
59.04535404644965,64.87612482821406
57.571093027335266,64.29268610307493
56.662971133143074,63.859491068090456
55.410294888771574,63.4653190895388
54.48622939116684,63.22172002424395
53.93303155521507,62.84048929129374
53.00654532658048,62.644704271028964
52.75680874583812,62.43414224367344
51.93461259919687,62.24132214197965
51.54640267761371,62.061025053976316
50.83615832109153,61.82579274275416
50.29641005741756,61.80784126821006
49.857402254511264,61.61482973461285
49.73197215639406,61.45274656068721
49.303360273426016,61.39439119400154
48.6207694446613,61.30266239964236
48.3717394194521,61.17942626230814
48.14720592820144,61.060789671209
47.57773622995032,61.01187286399631
47.60853534863735,61.01228920872013
47.16185565600319,60.9653989041989
47.193591299088915,61.04035276493924
46.58323918528418,60.838850459580435
46.2733755356315,60.94242934293412
46.408254490757685,60.77421171416321
45.76585326475269,60.65679781248961
45.83117949812538,60.699124424437144
45.203771322545386,60.606320552892484
45.13851995262144,60.504230428573074
45.31302779098534,60.55792853480642
44.768350034466486,60.466440853367644
44.67452191466529,60.4918223883525
44.65773451781741,60.51666395636294
44.32959653810524,60.63477205528347
44.17318898740377,60.42622365802184
43.80731255656132,60.48173269783585
43.8025560422737,60.61257046538034
43.49261630850638,60.49308371801015
43.14763355550739,60.53389618561286
43.0189192461594,60.40854114752729
42.98916712781404,60.40506022670742
43.09927172041706,60.42448266307161
41.22163063057661,60.52306523707337
41.0038121757037,60.41745047033418
41.01194577115641,60.41465614541372
40.699567197424045,60.33395139464261
40.57675072016848,60.317324886298216
40.413064530464574,60.28845093795648
40.526815143715396,60.245451424236016
40.38466661674411,60.27752679451691
40.223310292712654,60.218392546115176
40.405484368228464,60.20549533477062
40.08510997726325,60.15165365609803
39.804150413565445,60.15222376045463
40.079908754468576,60.16157424288708
39.790490661355484,60.16645531590199
39.58304209407925,60.129469391532965
39.76731593544893,60.158039133539006
39.662643240612375,60.10731609590118
39.423788615576086,60.11773077469729
39.5995991689638,60.13498619333279
39.45712130946539,60.130586389048474
39.43473730039679,60.14433399623723
39.4342998248996,60.164493715601765
39.35087061690805,60.1224943254056
39.48450859686765,60.08138979002486
39.56736983079418,60.12630087884345
39.067504926921565,60.08783614809154
39.1325564849265,60.14506364198295
39.26619226349181,60.083986472985394
39.12070533501863,60.113149916884716
39.213729961263134,60.05713672511364
39.25711154411135,60.06950114874111
39.083465331678305,60.06232810680957
38.89165096303942,60.07177848404865
39.04003940216816,60.06257857955414
38.81616772347388,60.06729221598087
38.94783270049253,60.08177700755705
38.78795308186392,60.05180919468499
38.791565184665764,60.02891075001979
38.69904766977055,60.07291718407887
38.656451720795275,60.06128068664924
38.85329671251157,60.03073138028368
38.65438552841544,59.99432926425663
39.029633282927385,60.03557907759382
38.661637180462776,60.028159756122236
38.380034747010384,59.9906902669409
38.55471592463947,60.01209528862789
38.80515596333218,60.01694148100664
38.50339835990912,60.04111002723139
38.680851536000226,59.978683141776294
38.36089244390217,59.99921951450172
38.54008565647733,59.99157725219224
38.38171208837139,59.98775648607606
38.34747015160233,60.012618567549914
38.67665164305423,59.9593585378424
37.98521634964569,59.986960523764246
38.23425776563643,60.012982590360636
