train_ppl,valid_ppl
505.74717638418264,270.36746414190384
276.7184161783778,203.04847446266396
225.21707072108376,174.01486216349846
197.4753032656805,158.30724190479475
177.78880277634883,146.11394352003424
165.35530673132328,137.22180471244766
154.29079681273757,130.48978689932696
146.29653886747735,125.24106890501947
138.86583871457432,120.81273535681845
133.02117789728132,117.07015119508507
127.10890863783573,113.99222874927695
123.10920793340449,111.19781511193744
119.0056258424749,108.78332022267489
115.42527723256083,106.72819763811678
111.2285194467261,104.77472013958423
108.58598611109916,103.24959648197017
106.62862673828039,101.72195048105455
104.03083217920444,100.38337929385101
101.90481757972995,99.23085178690636
99.84315960313387,98.36302818624111
98.3643877442368,97.50094594401367
96.70330815423692,96.75618042573588
95.02283032634068,95.97947257495105
93.66301690179814,95.12879514214087
92.37891805185284,94.7067367885847
90.85888883754053,94.27557792777107
89.5313599267353,93.49024704676474
88.71889979358482,92.96388112376786
87.42131551762672,92.61334225147957
86.25781094592338,92.06426656622185
85.73290558806546,91.70289970085557
85.18249625267482,91.2653806586714
84.18845566025958,91.07659329631215
83.72760798521855,90.68138250106456
82.24358191844465,90.37956419870154
81.53057717193484,90.00747406042636
81.2166442672981,89.85190680824196
80.48507500674032,89.64789273292703
80.12534764613204,89.46336697014327
79.3431975697224,89.24984700401643
78.69831720050226,89.03440633431799
77.83377425961696,88.78420414108054
77.84180752523916,88.64809085613497
77.1399373584993,88.49732226595486
76.87828346300935,88.38781518700985
76.522173394508,88.22410960634684
76.17567661689998,88.13241326197983
75.27720043424752,87.82662523710825
75.17435049759533,87.76288670505832
74.51494121120122,87.62196103146572
74.58132804570585,87.57626454032928
73.66469955592048,87.27988386474543
73.69843599252192,87.33621889837083
74.01437886165112,87.32794179201166
72.85542909445884,87.15123088941077
72.4796160003769,87.0654355814787
72.17117073824905,87.07520630170023
71.81187409241626,87.04094758115735
71.8295235048383,86.8802965019507
71.36064949213491,86.7205994653584
71.17102461870518,86.62951337932672
70.99572120231846,86.7298711641997
70.63021343057468,86.4918175784355
70.10223079698578,86.48401394052428
69.9432667287667,86.51792225662145
69.96212674567064,86.4649012810776
69.44506779014952,86.37444396338196
69.423499824737,86.23672857777603
69.4818701715183,86.33820243709474
68.90050735251747,86.18551359886494
68.78763633040208,86.09685000250242
68.56002860214407,86.11721985781365
68.19681185454633,85.97036454934488
68.30561340395191,85.97003862810267
67.96514976560587,86.03619336308647
67.45879012203321,85.88931342128734
67.83556496260366,86.08160840738623
67.32797524144652,85.92083869754154
67.25298575702584,85.84328385704792
67.11753820287885,85.86304034329567
67.09076111517913,85.8503136507063
66.94884299913133,85.73969374322789
66.64789048671854,85.68601273020217
66.25407656005135,85.65632714525908
66.66693766446907,85.57375532370689
66.40662048925311,85.521896561161
66.05310221965239,85.59150284354982
65.76966201657591,85.55568713344421
65.90343074460026,85.43388327393818
65.81318890525965,85.49826406686574
65.60667036111008,85.59860937230033
65.40433970447705,85.43281445019664
64.83880372677194,85.48004978428875
65.34298025811817,85.41986007419604
65.05390453035612,85.30911564085925
64.8820853625791,85.30947139810353
64.98852606690589,85.36239872480688
64.55158955357157,85.24426325444522
64.51032835236147,85.2082698132271
61.747172048356724,84.9809647071143
61.59274099277728,84.91311039186199
61.225998012493505,84.83662597022625
61.11838422670702,84.77836775936707
60.93057136591237,84.74163936764185
60.672192208617474,84.72776191457744
60.963394342475866,84.69407357616008
60.819469311193714,84.67455396006801
60.50265012889062,84.64210613667576
60.37974224651652,84.6196791555958
60.43711149966383,84.59478863749327
60.433454488252906,84.57157264271022
60.17823534743586,84.50330838117544
60.60164141369914,84.51929586283906
60.0752097102705,84.4936340596751
60.33636058881365,84.49690142187198
60.151314818037136,84.49465910088075
59.60614775428542,84.47589000487336
60.03909049571404,84.48764422378673
60.02383367775144,84.4863630305982
59.78439121828562,84.46128758600476
59.818527224264294,84.44633553202901
59.7190082754279,84.4151592510084
59.624926314811255,84.40933498004783
59.819291386087926,84.40037534785093
59.423201639876325,84.37417388245811
59.54125998862075,84.38616988073025
59.55783569528895,84.39237647988618
59.21176790597899,84.38489022632575
59.24442179035774,84.3734701701854
59.28018250659811,84.3692160346195
59.50462163407338,84.36406657854842
59.335090778225634,84.36656130683568
58.814836730975884,84.34666949918922
58.96057831639009,84.33333629937732
59.29584831126266,84.32125191068499
58.9801052082744,84.3325050425771
59.22908815141835,84.28497718002993
59.23251298363251,84.29897386099907
59.07880988317483,84.29673679247402
58.98559769205738,84.31581769721909
58.69656120378552,84.28769324915399
58.83635257894993,84.26325177759445
59.1651279870076,84.29437195601308
58.80131425191986,84.28440202368026
58.44288107825639,84.27692534828543
58.4417612135375,84.27414572785327
58.54109997281894,84.2675005701414
58.65393536538051,84.26507266245372
58.85795544377152,84.26612687693577
58.44022880185348,84.26238926692093
58.17122748081503,84.25542561525754
58.588508493633654,84.25028310435904
58.28581876947593,84.2522634130079
58.32588294982751,84.24839866031864
58.33911958565593,84.25248699916682
58.78139205472749,84.25405211889273
58.76850946670975,84.25539367322733
58.3027309633084,84.24865417568448
58.484508110060766,84.24661007445629
58.45358964024869,84.24555610413982
58.345317324491766,84.2507941472962
58.378160634263764,84.25619222761578
58.71544797452716,84.2605684400472
58.53360238964648,84.25916291638707
58.07852958051825,84.25446735961846
58.63989790879857,84.25398823588584
58.35728317635094,84.25127325286512
58.36014749828854,84.24983594433183
58.46687491318408,84.2475363016803
58.75047463652366,84.24839866031864
58.31496253571146,84.24878193365801
58.507476587150386,84.24274558109246
58.123961216953354,84.24134035472969
58.36593542711709,84.2383064232041
58.19710531370555,84.23562388003404
58.55853901104265,84.23686933588205
58.43129053450519,84.23792319752101
58.26779495029023,84.23223888794777
58.363855630688334,84.23396330088104
58.36754437708358,84.23488938906344
58.11489549147061,84.23868965063053
58.35999054550065,84.23431457451036
58.703310010355246,84.23613483405178
58.39879034307725,84.23725255677078
58.53549145396314,84.23533646976108
57.98227578136185,84.23504906046877
58.574624533875294,84.23032291498063
58.24086756639975,84.22827925851855
58.27255504776601,84.23000359038988
58.27996041678785,84.22958847023169
58.38342041954672,84.22470297902237
58.27367167014562,84.22808766826745
58.074644344443456,84.22562896539459
58.40652590889325,84.22457525756306
58.414478510255684,84.22348963297891
58.163425313708075,84.22984392854848
57.83088375003961,84.2292052842093
58.31064982951813,84.22856664471236
58.60822740088264,84.23172795756187
58.490505001628726,84.22776835215072
