train_ppl,valid_ppl
512.9303348110155,279.07117328296204
285.23206287038545,208.236742739658
231.61784105585835,178.95245074085656
202.52156271307462,161.20972544090682
182.85504061185847,148.7630882081593
169.39554226185086,139.79688398483583
157.97038082734065,132.5844549260717
148.68247365669714,126.68925884012576
141.89546229058618,122.02652568418125
135.341257592371,118.22666225759097
130.21214950451713,115.00474478472921
125.86575518804698,112.32024297136316
121.07217753757826,109.72664591611108
118.05857936180665,107.81217132656407
114.8436177744457,105.94391151520333
111.59710407652925,104.23851160041721
109.15649949121392,102.98774987658169
106.64877392484854,101.65764645862814
104.53706121315365,100.43351195191623
102.8966454789017,99.5994520659371
100.48377265128369,98.4758215748926
99.23354825184873,97.71860807797074
97.44202326246813,96.95857855197616
96.32224188305068,96.24779886458344
94.9298545042535,95.63993138971956
93.42235654086495,94.9473489205853
91.99305627476978,94.2915554064648
91.74586039703676,93.81269557209895
90.56726237891475,93.33103084399374
89.65213451443512,92.97004893997357
88.76093307068145,92.49684837945124
87.38761316032743,91.9891871407988
86.86952783748681,91.8124066529348
85.65538303533461,91.43195645556165
85.26452082496535,91.05819172829847
84.63661640561045,90.84882110811353
84.25187582122766,90.59458479043414
83.63592718136265,90.4553188291671
82.60290512393583,90.09654420808087
81.66570282874541,89.82735022547574
81.63342350467113,89.74378555194394
80.92764006474742,89.41728643161899
80.48986422677716,89.19450933917595
80.07502006583304,88.966587052163
79.72489746478813,88.74378895622172
79.31258279719061,88.74321701656426
78.48415456662057,88.565354616961
78.11695555562518,88.34403021089204
77.90149421011509,88.31955090326588
77.43571729151539,88.15309761740524
76.89030206148311,87.95297413276514
77.11792390159525,87.91093763427504
76.62179282372439,87.7510760292052
76.2759475590491,87.49655204253325
76.01362109911256,87.41800574576105
75.51791734691334,87.37297872612264
74.8820475560992,87.24088107858545
74.52110375017038,87.15420452787411
74.3565187151176,86.99937996156083
74.49763371601325,87.03705389784824
74.02015163185665,86.93353924385666
73.60467106792314,86.7397686456851
73.79239478524106,86.74746381362476
73.32364776619167,86.61923441952798
73.14562402449185,86.53776839356804
72.97777153230327,86.50139275156818
72.74192346819754,86.48162052881969
72.04628098200008,86.38567635775958
72.27071361515566,86.23247857077678
72.09754881448018,86.1178075213033
71.72875567229147,86.14758772096054
71.53206844590736,86.14827357052368
71.1801170034621,86.09596872329095
71.18310817338971,85.80537845846219
71.08738135932195,85.8393786648585
70.50730286762436,85.75799586299652
70.8729131726614,85.87449923528013
70.55977640271993,85.69936485284494
70.1806568125621,85.87876415655796
70.04642398342033,85.59059428880644
70.03476882223889,85.53733090546314
69.84030835051585,85.58004926972094
69.85449077335413,85.6350598847941
69.77598356320296,85.37003642775731
69.11037758854235,85.31322311026834
69.44574481525186,85.46763907127527
69.12875738693268,85.49048525078543
69.3666942472695,85.48669333455895
68.85926726437562,85.41263886240269
68.85276280126803,85.36977751138296
68.36678998805526,85.25738493136554
68.51830128178298,85.1615398020943
68.1760899454788,85.1979979929901
68.70878053616684,85.18226964960287
68.37538620453016,85.09108959647212
67.99499589695395,85.15111220698896
67.87153720529432,85.02682200167855
67.60015297736206,85.10057422530714
67.59310848028176,85.14743218415569
64.89349384607284,84.80016167585761
64.63957998642026,84.68928956982477
64.18280501430236,84.61140288725979
64.15801834918697,84.5655772816799
64.0298157337424,84.49744599452193
63.884535590382285,84.49863125300978
63.49571447011612,84.44534309108725
63.55042536612221,84.42296824482888
63.31266312059559,84.38367457261535
63.52891550161491,84.3843463790799
63.06718202064263,84.36211562449762
63.25218153449545,84.32278634024566
62.96103071698182,84.28692635018092
62.79807466411647,84.26069621608798
63.082130852567936,84.22393665317182
63.01212455892733,84.20369540335956
62.664310019648255,84.20069474888895
62.92429757477786,84.20899469263276
62.471305601922154,84.18725695934052
62.33142652525555,84.17806559756987
62.58296357200712,84.15949445016632
62.37265699414753,84.14644604365395
62.19288511430484,84.10144616302743
62.25938586797145,84.08445388844176
62.19909497824489,84.11828242113963
62.27606926886727,84.08066058491546
62.27403855330594,84.10211572257792
62.09509365395506,84.07023785052758
61.938022550950166,84.07042908172403
62.04747582358171,84.0431192981019
62.05006235707198,84.02416381446659
61.93238007009067,84.00008536693693
62.11058462380237,84.05344307398377
62.01961484900979,84.05200914039055
61.892668220377956,84.04088901927037
61.543749771899854,83.98878106944683
61.781971843641635,84.02136067730592
61.729821005830516,84.00024459325961
61.72324299794454,83.96964683912707
61.86254750241461,83.99269759746159
61.759627955821564,83.98416425876913
61.57613715023682,83.97598198336311
61.71691466148256,83.98537415702745
61.730194541506535,83.97859258385621
61.35974519930344,83.96624070286667
61.156468511881194,83.96219808494052
61.47375609659259,83.95914237693779
61.31308289673937,83.95602312306006
61.56309737060207,83.95904688785464
61.28954871268946,83.95876042125687
61.14294207187666,83.95729627391071
61.336894174705215,83.95204465108615
61.31151641820408,83.95064427381291
61.00878553960802,83.94357909017886
61.4691271233889,83.94087410971807
61.19904081168309,83.93641903779434
61.055749912608306,83.9444701616522
60.88965960799225,83.94256073436293
61.118815702010174,83.94004672133894
61.04825863242953,83.94141509883693
61.26746529907814,83.94262438123945
60.93057136591237,83.93412795001865
61.05326640006574,83.94112869239848
61.20949303456917,83.94023765639494
60.87701078371955,83.93740549762396
60.96472648438632,83.9331097088585
61.27247044998811,83.93641903779434
61.07796234241579,83.93625993245593
61.38182060466027,83.93450979363837
61.202414956246514,83.93635539562274
60.83511242329035,83.93524166543179
61.33588381146975,83.93587808087422
60.68263605017683,83.9329187900162
61.1069820548106,83.9274141501725
60.98467110366248,83.92416880915215
60.92200997613867,83.92359611494027
61.095623087513374,83.91933284753227
61.07406123847768,83.91872837192358
61.032786405142474,83.92531420930008
60.9521235376092,83.92299160862302
61.24370156223176,83.91863292880448
61.3962254763112,83.92175079350838
60.93987146329121,83.915737872442
61.09036540174503,83.90969357122415
60.85683541365127,83.91510160970589
61.20177714636947,83.91844204289178
60.73584185811669,83.91697859865329
60.674272674294315,83.91312922588185
60.659139934291986,83.90880286890477
61.306734783913534,83.91697859865329
60.984773610847114,83.90753045342097
60.97792650956931,83.90536739138108
60.96548479355171,83.90905735431691
61.01965655698618,83.91096601951054
61.35797125912104,83.90867562648809
61.222828382247044,83.90390417514995
61.30127345961871,83.91198399203269
60.95495128917495,83.91128413459711
61.47183420379269,83.91825115741337
61.00415056273242,83.91010711480071
61.17483060976664,83.90495387116381
