train_ppl,valid_ppl
514.5437406845078,279.9272300451444
284.55896160132573,209.05605785445678
231.7615442165634,178.32411295795663
202.30714881937382,160.64928894969665
183.27721819849114,148.1000384226473
169.12179522091125,138.97829285968172
156.2681369559786,131.87827286405326
147.60129116321687,125.96905203811343
139.82026962313338,121.1365253834118
134.56280271742747,117.20852850785447
129.30126487374343,113.96841947233114
124.10407059360456,111.36998752743236
120.06532801202958,108.97352389596446
117.03193161870308,106.7494826032832
113.58967454062652,105.19094793900798
110.42971582187192,103.55202607766063
107.78006945761963,102.34546293114317
105.78171217923524,101.0821159845849
103.84892513846312,100.07677222927882
101.51297982186176,98.8541710892343
100.27691468554623,97.97262907293035
98.45066555688636,97.33146772749103
96.86087782710658,96.53952746221418
95.59998585211872,95.67692171251859
94.18298291201609,95.38016981903935
92.94923224367206,94.65652009143164
92.091018884049,94.12394468587496
90.77468660286549,93.50286562237609
90.21568289545975,93.15227201572367
88.74849105558133,92.82308435950488
88.51459603946165,92.30078960387604
86.89975842708597,91.94034166892025
87.18063060260485,91.71002689399155
85.52955477179557,91.16222845756184
85.14181409641816,90.91504209289147
84.11006757535795,90.57576553629016
83.77758379865618,90.39227694606183
82.99805447241195,90.05563405972485
82.43537888647765,89.93117395513144
81.81571089472814,89.69596234597162
81.07321258223297,89.38180127709906
80.63177595980747,89.11254688222714
80.25450202459986,89.05655157645283
79.7971062725837,88.82022651199237
79.21894512541681,88.48007915360917
78.75270362954437,88.44922438334882
78.49246605464631,88.41171009419585
78.41772069995203,88.33113670671757
77.35235623403022,88.12376002043338
76.96136647280746,87.86112657698366
77.1240165146535,87.85699635906388
76.46364633982868,87.7673785060179
76.3937862735994,87.69643492251356
76.01379997558561,87.67289951974006
75.59147421590949,87.58084639790997
75.00638113045366,87.43620204863406
74.89637256053445,87.36171731557512
74.59923178301298,87.02214072231752
74.42744309826337,86.88276682331207
73.73848399417979,87.10148705636722
74.19756001463958,86.99717017582245
73.47371911466676,86.94319627926852
73.380166087086,86.90632074725745
73.30861314053418,86.80259959104205
72.92710357946034,86.84107721123108
72.53938536046472,86.66183601023737
72.43340897693191,86.50067129749176
72.28876741597291,86.57271521635329
71.87795490048443,86.46772037861898
72.29904770480177,86.40657315175324
71.87909059165979,86.43628936451663
71.54830212968865,86.39032693106059
71.51362664162407,86.3394462482545
70.89261966895961,86.36737125167475
70.70005528055444,86.34736778185996
71.07313976797349,86.33083813289254
70.62209345150812,86.1802532854817
70.84161327029987,86.3331946418924
70.23442194267666,86.02937665039951
70.09146173371248,86.09564232587222
69.87849474386266,85.92175075787016
70.02280958230381,85.88224787537332
69.50583956306713,85.79451424714513
69.6131255291268,85.73849107641249
69.26304781255763,85.71749588219058
69.15957949403818,85.73390809534565
69.1188814136453,85.63639096295975
68.95959708336093,85.44152737288685
68.89529598425577,85.51849230132912
68.89673196638827,85.50844242004673
68.56108882077123,85.55247613089634
68.83702500582194,85.60409380925209
68.7011355039073,85.53295323494841
67.70201657149072,85.4469369578251
68.60614020753385,85.58407244678956
67.9701536772246,85.6022439894705
68.26679480844571,85.51443978773669
68.12378598134535,85.31344951197057
67.88264979930912,85.4494961023665
64.56352594442178,85.15162871414938
64.28842271148241,85.05857889349865
64.29410693266205,84.97790413819622
63.9191217548502,84.93075309568192
63.86645512436142,84.88559123003229
63.54619544324865,84.83109422210238
63.83376438128749,84.79697902904213
63.09856805423086,84.82273296197405
63.44802504914132,84.77476812346086
63.34089203367897,84.7546515442016
63.22626639911956,84.71860789462328
62.94488326802574,84.7065325252398
63.13544537871903,84.6717933249334
62.816993002872096,84.6261595896402
63.019115335192254,84.64390311906197
62.6868758421514,84.6039934268609
62.626992060744605,84.5824102560908
62.680280134986454,84.57218182082627
62.21473738296589,84.56839857510195
62.79725133904731,84.54009372604303
62.323338743117674,84.5280117557997
62.24191181670571,84.49465910088075
62.23161802533238,84.47374431582301
62.758651625452316,84.47313584675777
62.256602247543306,84.44828843374516
62.41536250325143,84.45181017394219
62.2455945620578,84.47435278927112
61.71880272018262,84.45347504770464
61.99799785143631,84.42831334142888
62.00264580796017,84.4195757243459
62.298767544165464,84.46484188972629
62.10327708109043,84.43042586811579
61.330626067381054,84.41215106088356
61.62415975756675,84.38962504455282
61.67062343115178,84.3738859994553
62.169849218445385,84.36272329387229
62.004000659079125,84.3758372257072
61.7869982552246,84.34024244189746
61.68642325288901,84.33138605597698
61.76795405475725,84.35651887554651
61.88072634739141,84.36755282189728
61.55705447281668,84.36576170640288
61.450222214089,84.35194580778372
61.345555113754216,84.3478526427123
61.44282712174735,84.35808592782477
61.138235243660006,84.34961140024184
61.135234572895136,84.34059415873342
60.78886952429488,84.33838795919948
61.363169461441395,84.33768454539472
61.06929812311951,84.33666140851528
61.18482618456081,84.33710902937278
61.32924469566262,84.3413615460122
61.140968859604676,84.33835598571746
61.46699873930641,84.3414254952673
61.03132967329835,84.33976283039394
60.917299676661,84.33576617392754
61.6606314077544,84.33065073000992
60.71626437270887,84.33394376145142
61.00076684183047,84.33292066995297
61.318112387818736,84.33362404402489
61.069421302458004,84.33343221415078
61.04573438069443,84.33125817273958
61.108851454305636,84.3356702564996
61.093671940384674,84.33157788119685
61.22227268475987,84.33148196853237
61.22634791679852,84.32630284663887
61.35015415699732,84.32617497110984
60.849327627577956,84.32512000539381
61.24788117010663,84.32783736811355
60.97138763059079,84.32790130711436
61.23147321489082,84.32601512697116
60.81597316564647,84.32617497110984
61.00860095415037,84.32949979788965
61.09749213951215,84.3261430022578
60.83476475486888,84.32166748260053
61.26235758308387,84.3174798900407
60.875967066081245,84.31428339446747
60.82940682223187,84.31041579684704
61.39983754288664,84.31185413887725
61.19122338668803,84.31143861532584
60.80378934032164,84.3132605414775
61.03241708955392,84.31505054235326
60.930100253379166,84.31684058123146
60.796022403842265,84.31220573732793
60.89371269979646,84.30904140405552
61.027021233317434,84.31156646850816
61.05753564108287,84.31473089655259
61.1236648720319,84.31137468880735
61.071412736240696,84.30507816425693
60.82627817142314,84.30415130441096
60.6892663745318,84.2996130343389
60.7480733337821,84.30482247776435
61.05948563412745,84.30779488113173
60.83658492333883,84.31118290954284
61.10277097975485,84.3102559825806
60.64405174235017,84.30939299077657
60.95388574419671,84.30984046690557
60.95782015670103,84.30459875271946
60.71691753425445,84.30034808967108
60.65247212176131,84.30229761528888
60.990370764667794,84.3000284996087
