train_ppl,valid_ppl
507.35299679371695,274.4917957925629
280.7430274136971,206.6215189063816
229.2849582837167,176.47652352962328
200.26908291606102,159.26425398291715
181.64946775602732,146.9929526608523
167.68305634932915,138.08139382398738
155.01538351276048,130.99113582650867
146.48275816654606,125.10051182548872
138.68631870405665,120.32876358481633
133.2032158648713,116.63238472678447
128.444931808954,113.4042472014109
123.10995288423149,110.7343073307564
118.92651925575304,108.29920270472998
115.9832101348816,106.19998706605686
112.59605945831294,104.69530805578584
109.2951496942224,103.06438199324316
106.84068541327015,101.85983216820294
104.5566374582422,100.59919989038929
102.61266458116889,99.65315998619444
100.32810016815992,98.4714163647763
99.20522993175824,97.59868953961026
97.41506764393728,96.94564062641632
95.63875233723455,96.20074025983499
94.47916893328427,95.30137460204139
93.01696927626875,95.11062050434322
91.99089150742458,94.47615375907247
90.99133387920382,93.88687851360845
89.62576706845913,93.4046912637345
89.11217546020733,93.04889203546256
87.78425334003424,92.74176045328512
87.43183731050581,92.20499595675838
85.7991332583662,91.89023317533494
86.07364125437596,91.68670043453852
84.4185811417768,91.15842688499936
83.99060342264119,90.90394447339581
83.01245301490708,90.65797398378473
82.69920820233699,90.42500936040899
81.84685164151625,90.08899594661072
81.26848164925538,89.9696399480554
80.54302475735207,89.72956517927003
79.88390762845323,89.42599888542259
79.41839788574794,89.2340134091377
79.17932766628881,89.08305883889217
78.65837836300331,88.96493439146786
77.9691944474137,88.57573019986955
77.621468523703,88.52547534393437
77.09335092789655,88.48886802449258
77.26708480522996,88.45915039611722
76.14912551011552,88.29183150812835
75.86843574084581,88.0729936394601
76.00649193669753,88.00670742126984
75.3694726849206,87.95234060261456
75.34292396969771,87.8006582651067
74.8993688218201,87.8706867777569
74.55583392264681,87.5623212312586
73.93144502476716,87.5800163334673
73.53077333472153,87.53517134882374
73.3651691994553,87.18781369442749
73.27855313689818,87.04688743358722
72.67766258108347,87.30781514293322
73.25722294255155,87.15816953698864
72.20677190315051,87.11677712371758
72.23729075710577,87.09032667161662
72.10169350724976,86.97791113651043
71.85135586359667,86.96277731542772
71.3439547206926,86.91202076793245
71.31601890775275,86.84216365331605
71.2837085449214,86.8552020185724
70.68655664485846,86.7160954871339
71.20900499385374,86.80700933407991
70.78540822000424,86.7023548678022
70.57609786662441,86.60170060693922
70.37720055633436,86.57022089102738
69.84145880397843,86.61302822608621
69.43295249138163,86.63440698680574
69.93350948926805,86.60820149416926
69.62920461194882,86.42652480698138
69.6189762939607,86.5236952087973
69.11521023511654,86.20466254395554
68.94311638293574,86.30210698896408
68.83295228010249,86.15065775672448
68.98844199149619,86.21273513152882
68.42141962737605,86.06738100246463
68.64653637935415,85.98868330930233
68.20836751177798,86.07305862978575
68.04404421184977,86.08555725546974
68.04530232607532,86.00019157251486
67.87708186565438,85.8542518885344
67.86085987626815,85.91855858907657
67.82532651147582,85.96707280157968
67.60085746744828,85.96322715690542
67.85219148579759,85.91276087153358
67.64621025613965,85.9125003091455
66.71940154897605,85.91142549764794
67.58061198555352,86.06444444563441
66.93900841809678,86.18551359886494
67.2978563001652,86.08069465016692
66.98592132872854,85.92605060125517
66.78991158826737,85.91712540901165
63.84183355378335,85.72084306861193
63.45958670961283,85.662659639953
63.54470008333364,85.61000051895181
63.22741417868651,85.54894092404354
63.091419996450824,85.52773275043978
62.76962343242155,85.46122379565662
63.021022045138466,85.43958389306387
62.264199941383986,85.47353636555475
62.68906754063863,85.44939891826233
62.548322386150986,85.42844212867514
62.39874667038177,85.42047536261751
62.16330791112353,85.39719464261773
62.30940759007571,85.37424392890259
61.95447404512891,85.32295892602433
62.256476673615836,85.35320849665797
61.87879173122394,85.32050060856493
61.89350049253793,85.28004558625632
61.83622468672973,85.29702077724133
61.48181630139718,85.30096597209976
62.044722535440044,85.28043355289269
61.55486096488921,85.26727600299213
61.47303279655196,85.21909209542156
61.45418866380287,85.19696441927655
61.89366694831287,85.22351832025284
61.533385271851536,85.19260416820097
61.651967436822616,85.19967757701772
61.52670409446061,85.21366462985982
60.970096336153766,85.19638303957288
61.180445206929235,85.18436874722643
61.183592074617444,85.16896580299363
61.53725365351844,85.20830211650183
61.37631132540187,85.16667335971222
60.56722140468719,85.15550261771838
60.88265944846601,85.14191244810652
60.86006793376861,85.11980481214499
61.341389461861255,85.13019629967418
61.248231199473075,85.13910429868133
60.97798800705735,85.10357468513808
60.915477093288025,85.10280036279619
61.02808805678928,85.11344791258415
61.143085954429175,85.11722327283779
60.72375574100913,85.13732907958723
60.68177926111565,85.10628486881687
60.615231498383494,85.0977351779287
60.72675663007245,85.10286488938888
60.43440935321887,85.09960635760551
60.37842288711269,85.09596082141418
59.99754696485476,85.0962189073351
60.69353056584502,85.09728352003302
60.319101820436735,85.09770291657095
60.38621767446144,85.10215509955965
60.525699032350744,85.10554278613382
60.47519819958515,85.10289715270359
60.68177926111565,85.10767225814652
60.30474693628938,85.10973725158944
60.229784031825325,85.10554278613382
60.90671307195237,85.10038065088621
59.95020748882216,85.10128400195119
60.25617249470033,85.1005419628731
60.57699551369251,85.10689789852249
60.33279080282182,85.10886607637077
60.2834642030285,85.10544599321746
60.3783011015442,85.10896287317689
60.3716032735596,85.10809170588469
60.444121390101614,85.1090274044422
60.44263807010763,85.10338110389206
60.53562924412417,85.10212283652628
60.10821852150664,85.1004129132591
60.42051450830958,85.10447807010806
60.25866409791406,85.10351015800713
60.46044031276996,85.1050910867991
60.0494455449762,85.10851115569
60.19065804442674,85.11041483848024
60.2875782790115,85.10928552999252
60.084540840431934,85.10128400195119
60.50932181239901,85.09608986427676
60.12497227631499,85.09089604362543
60.142701174858665,85.09037990485332
60.65759016324503,85.09192833056208
60.41482748168666,85.09338000525477
60.091792654368085,85.09357356375162
60.29333440327858,85.09654151583705
60.148362585426455,85.10131626466655
60.06293198977117,85.09415424188394
60.14818060322607,85.09112185532268
60.328957574637506,85.0931219279438
60.3425879369784,85.09550917293593
60.35336053530045,85.09544465192039
60.32920094696393,85.08937989489147
60.07389700521553,85.08902505547196
59.97826794938696,85.08547674266202
59.93843890629197,85.09186381226161
60.31338378767667,85.09505752685482
60.067939704304045,85.09728352003302
60.29532079905152,85.09734804244282
59.93781426871229,85.09667055958029
60.17718338012037,85.09805779217898
60.197679823279955,85.09289611093882
59.995146833451344,85.08947666953546
59.845982844910566,85.090702491219
60.23986820402427,85.08908957161997
