train_ppl,valid_ppl
513.2635845350982,279.36523646590757
284.2631399292617,208.9769761785293
231.6806077333229,178.2309784603526
202.20631473065578,160.58809241089818
183.21296719611462,148.03986199096406
169.046650619646,138.94673633221709
156.226063544282,131.8166917894772
147.55450728037434,125.8884655792943
139.7501574709249,121.04815390781421
134.42413410126818,117.16623414225248
129.27792485988806,113.91796543306661
124.01165244225868,111.30118786325947
119.94022830928228,108.88036183113655
116.91278298034867,106.6781582756601
113.48917576466435,105.13824125183974
110.30015653405015,103.48656516410452
107.68713622172797,102.29309614100353
105.61524007009695,101.0180632488614
103.68789983136489,100.03102697542
101.36143730030544,98.79823441691717
100.13536348553527,97.91169741701725
98.32921023362428,97.27292616878259
96.71403674331587,96.4817182682133
95.47055674016906,95.62321790714323
94.02487007007579,95.3294153434149
92.85310355877999,94.63047102808142
91.9545310317782,94.0876617789002
90.63762064197833,93.48992805990164
90.09872261613997,93.13479277257802
88.63426721709125,92.82174714467163
88.37936803462837,92.29165711484099
86.75337675023965,91.93950514165405
87.03324914948591,91.72605641035928
85.39771010421859,91.17536238263453
84.99567915229338,90.91828202610479
83.98526710148029,90.62357683806354
83.6131842943952,90.43553423507932
82.83287339709676,90.08059455314984
82.2931145727269,89.95193945608312
81.62667281086472,89.72878278397947
80.92345049325743,89.42284603175595
80.442525698516,89.15262302409512
80.09658515689034,89.08440973866001
79.65125449387773,88.8605754438672
79.02883971924277,88.5048378253379
78.59650000610051,88.46676332951353
78.28810080915173,88.39364588696277
78.25015891501306,88.35595419077481
77.16003757847427,88.14818506119329
76.83025368053201,87.89464181355899
76.97699496396547,87.87728292334718
76.27215264649014,87.80352091360545
76.27325520297694,87.7145894208283
75.85122185654474,87.70634295579791
75.44405161981891,87.59678516089748
74.8480712480965,87.46885882615739
74.69059767560613,87.3932197918028
74.41013091145079,87.03995764515926
74.28139168219276,86.927574170932
73.61793500779436,87.14868685703756
74.06580222654274,87.03619599104533
73.27456248979047,86.98780394602844
73.1902923854631,86.94599800905314
73.13859173476241,86.82260977521862
72.7868836146663,86.83301162684607
72.34373411972425,86.67580022518501
72.23835927201993,86.5269098604894
72.14359009008939,86.60370335351989
71.71250515300743,86.4981790478888
72.12142648123698,86.45270810380133
71.71530171597048,86.46942499381504
71.42473033686919,86.41450084416604
71.35335704252915,86.39740152263168
70.74972296895595,86.40378880428321
70.47976573868617,86.37942140399991
70.90484664579984,86.37951964584582
70.53947473453711,86.22996135771085
70.66054101982571,86.33417653962672
70.06140194674651,86.04418493408848
69.91444565618607,86.12851675836257
69.71085092298506,85.94745529553946
69.87800142859865,85.94651037920808
69.34967329630939,85.83697055156513
69.48483669466746,85.76027171044466
69.10024871431959,85.77747256769078
69.02261237605985,85.77613929664139
68.99952869359646,85.67909383544324
68.78400586896045,85.5321425798101
68.77505771537021,85.57482591071638
68.76719724904454,85.58877720825264
68.46532048367293,85.61389527577045
68.72266387222464,85.67451402933824
68.52751551136696,85.61100664748935
67.54926731408749,85.51580141088101
68.46182210845419,85.62308111228921
67.81944409166097,85.68627260568037
68.17382100393014,85.5769022388511
67.93858265351116,85.35625022318317
67.72261715397424,85.45872909629584
64.48504667183231,85.18301240131017
64.17055070559789,85.09715447536026
64.17180191858724,85.02778904157815
63.81563392505264,84.98125466146465
63.7327929088164,84.93377976719252
63.417147400418344,84.88324205405932
63.71640468852731,84.85241916614275
62.973456278731916,84.87857607542166
63.344256498925276,84.83855573466693
63.22471480430871,84.81524068674153
63.100371104705914,84.7880746822034
62.81992838969836,84.77155429198271
62.99219451268707,84.74189637894798
62.68087013803347,84.69388092638775
62.890905108493975,84.71459328560965
62.56659758581821,84.67827775004041
62.51628532741441,84.650417500027
62.54682948146183,84.64396729770989
62.10331883603485,84.64252328990096
62.67669809284566,84.61348791734243
62.179129442179274,84.6074254339077
62.14067987996789,84.57150851895321
62.10922744371428,84.55265824264984
62.6244235834641,84.55147222632785
62.134559399972964,84.52932562643849
62.29204514486376,84.53387626308904
62.13637668093554,84.55438921524824
61.6029498161555,84.53647215851181
61.85818038351992,84.51721315381978
61.87211464975473,84.51074106258801
62.17402932796058,84.55224153231667
62.00087412424393,84.52256421737586
61.21313527172259,84.50084164433224
61.505465666035754,84.47659457137306
61.53069616585334,84.45901419088436
62.04977032369775,84.45331496226282
61.88879830184525,84.46215213260348
61.68040972031014,84.42687301262988
61.56671925459528,84.42450452536478
61.65768800835737,84.4430701251355
61.75705352897992,84.46029496934156
61.420874312206614,84.46019891028354
61.327698420944934,84.44204570977801
61.235754917286165,84.441661557223
61.329141609468515,84.44899277003555
61.033360900500014,84.44092526971066
61.00601681638166,84.43273050296847
60.67094804264414,84.42991373558031
61.2499401951057,84.42975369480004
60.96616113130559,84.42828133385528
61.067142524914765,84.42924156634173
61.19601658410288,84.43212232932798
61.03481768082668,84.42994574377276
61.34904045569725,84.43391485368237
60.914432716156675,84.43138612499277
60.8059560838062,84.42885747203665
61.541722247329446,84.42271220079081
60.58255524183135,84.42668097064657
60.890560271745386,84.42463255000469
61.198752783569844,84.42540070192109
60.976963057020605,84.42524066969541
60.93104248208824,84.42242415217622
61.009975103731925,84.42671297761345
60.97491320863046,84.42344832949324
61.11244661407464,84.42268019534067
61.1028942266095,84.41810354089363
61.22060562256137,84.41890363741099
60.730268062695444,84.41695141523053
61.10998133887102,84.42146399722574
60.86600148711126,84.42040783939285
61.10279152088003,84.41890363741099
60.7004069503579,84.4197677501672
60.86201162029183,84.42386440507738
60.96939945845479,84.42136798233128
60.71920365499771,84.41467921348094
61.14076332032183,84.41000699080348
60.76165540331781,84.40639099598783
60.75064654539089,84.40264716458137
61.28200814501482,84.4039270882609
61.091905692510004,84.40315913172407
60.69426509794615,84.40415107690039
60.92432430017675,84.40600700563697
60.8093698834911,84.40904697707606
60.68979683177515,84.4044390631674
60.75783577764624,84.40181522459784
60.91553852779455,84.40517503253608
60.957963603621636,84.40853497421925
61.00285857441924,84.40581501111654
60.93671664563081,84.39816758454768
60.688307482819376,84.39615185109886
60.585202910764714,84.39196055948759
60.61944973050919,84.39695173956288
60.942883032512505,84.4008233068732
60.719713961557645,84.40376709673951
60.972228011502246,84.4032231278353
60.539557011055734,84.40248717548614
60.82901828821696,84.40376709673951
60.821207236100975,84.39906348153411
60.59161889614814,84.394328133748
60.520266593641786,84.39592788368743
60.86536718310628,84.39368824226291
