train_ppl,valid_ppl
514.3282578704521,277.2253013972405
282.46331942494464,207.00028846708284
229.35326088058414,177.10271533155165
201.01494961824454,160.80186417014235
181.2127630885839,148.34357580569704
168.28968367891184,139.24895087338064
157.29256763476369,132.3669400206753
149.18801032868856,127.00905535228102
141.56261083000447,122.36451623393283
135.63344297960114,118.59305666109289
129.6088594153499,115.46099954050908
125.64968061066398,112.6322883371721
121.48992143955795,110.15711658019416
117.97641381877719,108.07288553646814
113.72088036053331,106.00164340796307
111.15237789116887,104.4252422580588
109.25731186807378,102.91811957338955
106.60647639665036,101.62246608950751
104.59815684885942,100.4392995647662
102.57979550104909,99.45426096593027
101.06453443780025,98.52608478310798
99.34202643445752,97.69904971728381
97.77409278393895,96.9606002588096
96.49527911294221,96.13529776792197
94.98399418942375,95.56595741187981
93.61699420695052,95.11408207238682
92.25127575201502,94.2968460855663
91.55859100051167,93.83257867516966
90.04639879095856,93.438833330432
88.98850841990667,92.80348553340889
88.53191586898177,92.47006150002329
88.04353307727932,91.96802107093427
87.02388701088609,91.72991643041081
86.47318338763674,91.36771433806443
85.08804957655337,91.07155234693522
84.3719668671634,90.66704793398225
84.03073551154245,90.50653198655347
83.33696935341256,90.17934333400585
82.96413290013021,90.039555107532
82.2331039566463,89.74759617814775
81.63954351848598,89.54181610061075
80.77325904927801,89.30217197168481
80.80275347613839,89.11018207439284
79.97222827212428,88.91668349128227
79.86315153496906,88.79716377852436
79.46553445084099,88.59917207499585
79.11310322932667,88.446407744781
78.2959177556281,88.11554189819311
78.20266539105306,87.97051472683613
77.40851881460463,87.83754697532768
77.63112400305268,87.79400130391676
76.76287143014393,87.46405071778563
76.69410444157631,87.56188968806624
77.1147092699688,87.67309894576644
76.06633120224528,87.42271189451968
75.70845909660555,87.32512775454988
75.32907067357912,87.3212544630609
74.96556891869945,87.25159766444648
74.98258181049401,87.10980874721653
74.62446479101845,86.83297870762858
74.34407141134368,86.65273583881202
74.09065554461867,86.75644237239179
73.8177519304806,86.56037557172564
73.20668089959727,86.53235535932501
73.22730709656415,86.46755647508259
73.0441885224795,86.43173461819246
72.70522743193838,86.45326528139667
72.75911658744945,86.30390649512482
72.615460168261,86.32589621875321
72.18980637709413,86.12381497810888
72.12794876178202,86.064118167727
71.96042370623314,86.03495392060559
71.58496773043301,85.79031855772928
71.50826570543875,85.92455214655763
71.36357627686922,85.82633010299472
70.83665991085098,85.83957392024857
71.28114447713142,85.96736612052263
70.83904129043214,85.86863938356132
70.67020963620135,85.72214298206913
70.44461347664006,85.67042164377423
70.4722316347222,85.63122909236111
70.29935841511397,85.5400549024164
70.05998879452926,85.41678369856733
69.58303696389812,85.55140582349458
70.15636036849392,85.34926088556736
69.81202254932855,85.2634616629761
69.45909990083697,85.3716870381041
69.09139878047452,85.30746624029288
69.33407831163979,85.13161635300665
69.25762276236235,85.14594730769676
69.02256596895316,85.25124399369842
68.81606229683439,85.02072990321308
68.26647351654567,85.07212350992667
68.75013850456021,84.90921532532673
68.48219344767347,84.80897083633215
68.3598034853505,84.89508513764257
68.40948291297309,84.89930141672679
68.06502344676875,84.8679257334601
67.90001829668456,84.86100855357049
64.77830149137915,84.6305550179385
64.62241548473975,84.53634396427425
64.19033567096447,84.46349700045793
64.13608722436153,84.37478163868971
63.91987383590525,84.34139352063364
63.645523332810704,84.30399150201909
63.971423210641134,84.27232464693402
63.69079181010379,84.26558379510097
63.433394676159416,84.22620372067718
63.30385214594245,84.18205478063493
63.46588038067278,84.16329131028668
63.43742515648056,84.15052943502717
63.1608349278319,84.0854420880458
63.54805401104632,84.10170123270385
62.98200953801834,84.07670808095172
63.16406242445559,84.08407136268066
63.07263104263661,84.0922322896985
62.56691308493137,84.0513399797521
62.99670522512453,84.04764375983243
62.94920013575838,84.06921795815944
62.7456567356778,84.0388818189257
62.72669661981768,84.03056678532715
62.671030456158135,83.98397322379536
62.573665147283045,83.99527687418336
62.74715438609336,83.9901502414045
62.39123742994285,83.97989791453644
62.480126723001234,83.97480405605292
62.51008582410049,83.96534940029879
62.159003145115754,83.95761456464004
62.21902509241828,83.94768446234957
62.23992406175058,83.94055588245328
62.47876146803866,83.93546441028779
62.203988035023556,83.92442334116737
61.745615236569776,83.90746683315332
61.957202500053576,83.90415864570494
62.28373215278775,83.89067276974069
62.03208400774047,83.90190024649873
62.20407168036589,83.84536465840343
62.14558923305381,83.86482030120922
61.98684834498307,83.8579530883029
61.920409718912786,83.8507685508417
61.628841841536826,83.83977040726603
61.814900195280785,83.83369979568747
62.14446109206585,83.8574126370834
61.786562062809985,83.82988602371904
61.36246809098436,83.82683513106218
61.40229386954026,83.82858302472924
61.539798229660974,83.82302167138184
61.527841704997506,83.82635843911456
61.79293908704727,83.83236495576284
61.34592632418428,83.82791564284608
61.10932394894606,83.82105145185223
61.481030901641134,83.81809620938681
61.22501005819097,83.81857285434994
61.28025705303295,83.81383830130956
61.196983497756754,83.82009813644675
61.677029957631326,83.81927193853228
61.76108130868791,83.82155989116842
61.1326450713136,83.8144737962451
61.488864679792634,83.81326635998745
61.38293490103557,83.81485509551919
61.297419912241644,83.81539527246031
61.34275048532683,83.81857285434994
61.58501819993697,83.82032057573826
61.43879944305582,83.82324411843175
60.930305084467726,83.81669806646481
61.56458749136055,83.8162849832465
61.336976654071464,83.81377475208106
61.27621943164371,83.81072444577548
61.34885484077946,83.8109150866672
61.774453759867725,83.81190007151609
61.24131334293397,83.81275797097754
61.439295143108254,83.80751538918555
61.003350757216836,83.80522781990133
61.29488535807034,83.79944563149978
61.085395661687514,83.79534750879141
61.52130590210009,83.80325801860751
61.37674462158387,83.80519604854537
61.30508603097124,83.79830194918739
61.30527151346367,83.79769834537097
61.21801250492329,83.79982686240595
61.07611442001609,83.80201897377353
61.193938800067926,83.79480746105494
61.6720332245283,83.7965546869053
61.318091774308435,83.79814310565628
61.346730621155196,83.79502983323081
60.88648692135089,83.79331440601437
61.48570211095867,83.7916307801169
61.143969811822785,83.78874010512202
61.13930401128239,83.7927108381235
61.20144795677548,83.79433095123673
61.30475628570373,83.78689774891919
61.19157309225741,83.79112252234276
60.97546666090468,83.78953423666901
61.31211414871249,83.79124958649729
61.29224788451834,83.79083662869958
61.1236032276259,83.79563341782566
60.78145185539368,83.79248847210177
61.319637806810746,83.78804127558669
61.4929990020012,83.79070956517128
61.38797012205085,83.7881683350687
