train_ppl,valid_ppl
510.5318920589916,277.51363202976245
283.03877226409423,208.2695073000067
230.98575078091994,177.67999531542108
201.61551319218398,160.20731101440887
182.78663620113923,147.74595565645706
168.6652476473818,138.72819747971658
155.92237891403786,131.5741964179178
147.288424198942,125.64001339303748
139.45543255918082,120.81117812396592
134.01249902741725,117.04037438411358
129.11340395036686,113.78092796581102
123.76850834183972,111.1349359160119
119.6202675192012,108.67837181475622
116.62426282652548,106.52470778307564
113.2389838494139,105.01877230550531
109.97917820893338,103.35847112841097
107.45197473056236,102.18437524653392
105.24422664540043,100.88885557551293
103.29983168965386,99.92736209591735
100.99782916705576,98.71088970842479
99.84940281522255,97.82038952111068
98.05348363465133,97.18799843809285
96.34160764864379,96.41133295887273
95.14822986178078,95.51781991364389
93.67051110947172,95.2703803940116
92.61766885289695,94.61339591881782
91.63058189024314,94.04729253283303
90.30355585860909,93.49269264887374
89.77621072604735,93.13475746429559
88.38837086131477,92.82980591529979
88.08577939484975,92.29102732131929
86.43789963518336,91.94703416106205
86.7030248444831,91.74334082784941
85.07177526785324,91.19541254812219
84.64324611471748,90.93158764328889
83.66795762832356,90.70438441886962
83.3164644088243,90.48004708306637
82.5087389837641,90.10863640635546
81.93585511600604,89.98239737516141
81.2281942022413,89.74895715528992
80.57606476037364,89.4497675208392
80.0563942250317,89.20174593359835
79.79611372938876,89.11508067454828
79.29461412278482,88.94078881017343
78.64671793111833,88.55320094926297
78.27562689506306,88.50836096350636
77.82302092499285,88.39877319955238
77.90290839678752,88.38449789146497
76.77484617626999,88.20086727986019
76.49383001063039,87.97625119333188
76.62215343941365,87.9245697923169
75.94447855836418,87.87581707042662
75.97764993041035,87.733146802176
75.50903238133345,87.79762928518329
75.11342007694086,87.58154365812148
74.53653738461594,87.51357030660624
74.23995068499316,87.45911024727714
74.01890746228636,87.08511017750533
73.91454638611424,86.99364123141167
73.28456415138153,87.22695809845499
73.83999002049639,87.09570857211853
72.85222070630896,87.0318405946437
72.8378214372,87.00205156852145
72.76501160772673,86.85388492310545
72.44879992561341,86.83768628244343
71.96985888296108,86.73671049927324
71.92917549480214,86.6507976585993
71.85348149185191,86.68809059562405
71.32635268450684,86.5848268438167
71.78317589804263,86.6182821175787
71.39318673317547,86.5622132796625
71.19440396449772,86.48689923720747
70.99963547652185,86.46463904411853
70.40074513672597,86.46962168234622
70.02584628244723,86.44474413420896
70.55681142568127,86.44251566504087
70.30207623609613,86.29399331811365
70.2635402650847,86.36936857916652
69.72306159007292,86.05455877409533
69.54064026004411,86.14657528634689
69.40077201359469,85.96000085891558
69.5612624559042,86.02066900411054
69.01604608061028,85.88976928291954
69.21467974812114,85.81009538564682
68.75043896073177,85.87430390044696
68.69058167606504,85.84894670129954
68.64455177448211,85.75175384857327
68.45385936826884,85.6483391274196
68.45595352520203,85.67087634362787
68.44806049878852,85.73069040396182
68.2166227514485,85.71707343105757
68.45461878041246,85.73228298359297
68.18344733595099,85.71262157262268
67.22267437695605,85.65054712289006
68.1844558874846,85.77594418554318
67.51952604040164,85.86753256757991
67.88415595820275,85.74057137560504
67.55651163804367,85.54472481330158
67.36653175674655,85.55445461316444
64.26005234781476,85.3183658113917
63.90556432558541,85.242356577839
63.9411506512872,85.18914842402319
63.59881177769345,85.13377875244244
63.47334825762598,85.09838040765233
63.16121712277088,85.0414254750646
63.44877158720864,85.02201919980645
62.69612785961578,85.04755129878869
63.110278195324504,85.01508946049319
62.951697282637475,84.99104925618397
62.81787993982604,84.98331658759881
62.55969906960969,84.9611857128376
62.72332278380106,84.93719295169485
62.39205543182637,84.88478671039282
62.648828371308305,84.91555697129272
62.305406887211795,84.88131127316967
62.29150068321988,84.83884520311905
62.26633499743122,84.84489210325403
61.87084587773677,84.84955623020305
62.43431246849678,84.81913144234932
61.92542657574106,84.81533714959897
61.89054597702497,84.77534662606641
61.85736938109804,84.75384826556837
62.313240965208564,84.76194566260928
61.89797414714466,84.74501270306001
62.054568189038136,84.73987243601255
61.93594039484651,84.75763980755647
61.3701423449187,84.74623356230376
61.592616757883185,84.73482885204467
61.60313619985403,84.72718373668752
61.93487852218551,84.75741488084164
61.75848605970472,84.73280507790733
60.953373469587426,84.71109270182451
61.25428496497118,84.68765215322368
61.25690021199723,84.66319099269738
61.7987973895973,84.6673315584434
61.65567745714585,84.6746502629183
61.412388545961,84.64175316247565
61.29882117416801,84.64351804819611
61.42529315590264,84.65009658282058
61.52833812346004,84.66861549592868
61.14322983732028,84.67962605920422
61.078475664115864,84.65484628171994
61.00064380097063,84.65189373484685
61.11351493088172,84.65654725221327
60.808674842867845,84.65147653544022
60.77066413454896,84.64512252169418
60.411374905254235,84.64345386988883
61.05022885264952,84.64454490773123
60.71177407728531,84.64528297071674
60.81307008641003,84.64775392407108
60.923259290584625,84.64955102636179
60.83678944005333,84.64817110513106
61.106304154837524,84.65218256640968
60.68775663698523,84.65105933808974
60.57115122143049,84.6498398499314
61.30424106227392,84.64415983394576
60.33064091998474,84.6477218333055
60.64912829604445,84.64509043192618
60.95011550383573,84.64852410609537
60.74662339747562,84.64813901420725
60.67574128125334,84.64496207297577
60.770275975739615,84.64958311782091
60.73790408789037,84.64714420160499
60.847527533171494,84.64640612239052
60.84593203946633,84.64229866867812
60.92895321200801,84.64088677749777
60.49553176568925,84.63892942186506
60.8230883402004,84.64310089006841
60.64081030988509,84.6422024026222
60.86088632052834,84.64210613667576
60.454221125346734,84.64425610222786
60.59701699738918,84.64820319606697
60.69724412482239,84.6457964096327
60.492298271636265,84.6372608921474
60.900796023039646,84.63267260502418
60.512067993406326,84.62811664995847
60.52645188067733,84.62641625070998
61.04327179666132,84.62635208536952
60.84247527995678,84.62757123515686
60.469099462576914,84.62699374096299
60.688572706670904,84.62901498788268
60.559484686852876,84.6339881024707
60.441947221165776,84.62760331828316
60.51597388774052,84.62635208536952
60.696019849504786,84.62837331696372
60.7371486094502,84.6312608744132
60.736903591433624,84.6313250434756
60.69100057887174,84.62413841091782
60.44113446781424,84.62157190433186
60.38191417786522,84.61708070510227
60.357601124964695,84.62173230871305
60.70669227991024,84.62526128202607
60.476926286896884,84.627827900508
60.70763105381774,84.62862998474748
60.31595886299869,84.62757123515686
60.58426603006802,84.62972083151284
60.559342177637,84.62423465642904
60.35725618548691,84.61999995748664
60.25058195512123,84.62279098525464
60.60938351722493,84.62086612866682
