train_ppl,valid_ppl
507.9270802869516,272.8379385915553
279.2718568829968,204.7798046955466
227.1657996648961,175.53922190054766
199.2701884656372,159.5324397528597
180.08550724242244,147.40417487627104
167.02605131427032,138.47498229869137
156.4962973557234,131.78611188169123
148.2859876283235,126.44756706289421
140.69543554327146,121.70358643142454
134.77005451007517,118.13382990844136
128.71742565272967,114.96995772843789
124.90735856551693,112.11769445860806
120.48368868402466,109.6621041590343
116.77306590626583,107.63835770200843
112.66834172004185,105.5223440368453
110.13538509979415,103.96844165810214
108.33695176648816,102.51298369530615
105.51739806052379,101.2013268208391
103.56544946432946,100.04320090842975
101.55943587475356,99.05555010338095
100.06207265855522,98.15226543583992
98.23266902600007,97.32430952872181
96.87943997022603,96.63733305300855
95.47238615300614,95.78529133430104
94.04032797203752,95.34249902670935
92.46258791848274,94.77099123979505
91.17085321811237,93.9610844941649
90.58699372894209,93.59791408138508
88.97827788554414,93.21151395937152
87.8611033748541,92.59185705542926
87.60898728096312,92.31429754688703
87.0098164408474,91.77711917854357
85.8482098781029,91.55609855878974
85.14273001836203,91.2022582692653
84.0194367145069,90.90039489971343
83.10683083859729,90.47647976102238
82.89106454459953,90.34164217916147
82.27759611136193,90.14895545639239
81.89187811770941,89.93403787713201
80.88931629096614,89.67783972750368
80.39924209462687,89.41721863375065
79.46828606035668,89.30603155997177
79.51598685645561,89.07782429578025
78.82527733845806,88.88742875089007
78.76573018946627,88.87459071230853
78.2953123749903,88.66177009785235
78.0161003222328,88.65424121226204
77.10187800300486,88.24953268638724
77.15254152929626,88.14430867947725
76.21617399040103,88.00674078545917
76.4771169663087,88.02796297228578
75.61109470018533,87.73600724953421
75.65950688895482,87.828023676552
76.14728238247865,87.78305170077547
74.99327040124703,87.62614664000522
74.48551334931865,87.53072461560042
74.18985295362718,87.52919817717387
73.82981327749543,87.47466206757151
73.77664399939013,87.36009446725362
73.39373499141696,87.09366142966817
72.93323287375385,87.03952867638995
72.90969919228476,87.13101283835933
72.74632530235426,86.87025125200267
72.23107425653882,86.86814354370726
72.08984177370581,86.88882764259985
72.17066123757546,86.80292866860835
71.5260328600436,86.79072072629758
71.54132720679426,86.66709286237915
71.61231074192197,86.7146490036105
70.9072541547991,86.48909606172609
70.9917116817692,86.39789283522558
70.67206274076953,86.43035841112533
70.48699260143202,86.2910163156807
70.32992222770407,86.35073956417796
70.24842462529594,86.36121584436698
69.74556669351853,86.23607471691186
70.20625973988724,86.38574185705373
69.48602801126,86.29451675772928
69.52135632495259,86.07971563533835
69.3642457710927,86.11460806859992
69.34302926415916,86.13259837294983
69.35743712979526,85.96140216538954
68.92131042881066,85.85584676351046
68.54774509050732,85.88937854422957
68.99651330535376,85.7521764706265
68.62747731259466,85.77646448279134
68.42825140090915,85.84735195450031
67.90033786388595,85.76417330372801
68.03837154934874,85.65116407297512
68.15303734700203,85.72100555671605
67.9126195144147,85.85721382278503
67.7403546090615,85.66866782408805
67.25872860181634,85.70485574535812
67.67632584510862,85.56957043027118
67.28645489901459,85.4897074081038
67.41623723222949,85.4968703102734
67.5267671747537,85.52883518646689
66.94929312894844,85.4852025417632
67.0302531475589,85.47810542822289
64.03170997197724,85.3032296908793
63.839258175150455,85.23731540107896
63.479387212064864,85.18643560157967
63.34142437387396,85.11264123338883
63.13258014263081,85.08483161077606
62.89223708401618,85.06260980392705
63.16854297274884,85.04806717777227
63.008693007104085,85.04329541657015
62.67749876685308,85.0226638554349
62.57532698152163,84.98421869601427
62.62737102532663,84.96221642618305
62.622613080812286,84.95007412865976
62.3648993079189,84.88282371447288
62.78182126887876,84.89955890620314
62.23730869142006,84.87381382379556
62.5354130928896,84.87613056148113
62.28387871986579,84.87770726634686
61.72797411264945,84.85203314667405
62.19834223444195,84.85949650096951
62.133682110944655,84.87059623747152
61.967221750671925,84.83476057299166
62.00214556272293,84.8313836650958
61.89822384902213,84.79546811731868
61.84703523003173,84.7886854198069
61.99362117057241,84.78351036151642
61.57903525410718,84.75751127793202
61.70936300424653,84.7666695014769
61.76218172718012,84.76531980636611
61.38002539193639,84.76364878505132
61.450056950906735,84.74083621233406
61.47578138198218,84.7612065823856
61.73951291286472,84.73733454413643
61.51996159835756,84.7249031845959
60.92399660293473,84.71680932626145
61.13404256647929,84.69840831189227
61.50596190396404,84.68338217650835
61.18178209172767,84.69811932260811
61.392180214017564,84.63633038024585
61.38371904764784,84.66039863245686
61.23363461377537,84.66059120606836
61.212991224329286,84.66932166984468
60.860456666107346,84.64881292616113
60.9843840844622,84.6409830420574
61.399548569740595,84.6681661155941
61.00466326409111,84.65930739026564
60.602598936064176,84.65731751424514
60.654980112033606,84.65773474243858
60.74019099882195,84.65494256215604
60.79575671040942,84.65410813534731
61.08693582714885,84.65953205662572
60.583919795216175,84.65452534772362
60.372618048220254,84.64608522039158
60.71259046993408,84.64489789357351
60.44202849710204,84.64746510761861
60.486197810138606,84.6433896916302
60.48030128215202,84.6435501373681
61.00626292002473,84.64364640495675
60.9857166850301,84.64663075451367
60.420595755425396,84.6406300725408
60.69263281646006,84.63953908515923
60.69365298724457,84.64175316247565
60.56575542436355,84.6457964096327
60.59811704681309,84.64852410609537
60.86993022691866,84.65227884381635
60.66366712384844,84.65259976929593
60.2356966348837,84.65009658282058
60.81493049447937,84.64817110513106
60.54775933569649,84.64531506055772
60.480199622917375,84.64255537869573
60.63842521551539,84.63860854821097
60.991354932725095,84.64085468933558
60.47623504604662,84.64091886567219
60.689490798184266,84.63944282224186
60.29203720054615,84.6409509538587
60.56359724012627,84.6351752762554
60.32421201050029,84.63241592497975
60.710692373935125,84.63450147287458
60.60402506124962,84.6379988916195
60.48532346106854,84.63116462091087
60.56290500864194,84.63103628307813
60.526065281718324,84.63350682054516
60.30847725556734,84.63315388220582
60.503728125480364,84.62830915013944
60.92645437521415,84.62830915013944
60.59834113340323,84.63084377669381
60.71712164867837,84.62824498336383
60.131945962809496,84.62798831674773
60.7225105176553,84.6246196395684
60.403008303233335,84.62420257457975
60.45964763566213,84.62574251706205
60.441622118513685,84.6261595896402
60.52881222261843,84.62173230871305
60.42839598724462,84.62692957518475
60.259879551502436,84.62279098525464
60.60308788949001,84.62131525795444
60.58728039355529,84.62035284097131
60.33133049670015,84.62734665361323
60.02435831875058,84.62917540637261
60.493864155978244,84.62792415021538
60.822290908532594,84.628694151815
60.66264745708212,84.62481213179485
