train_ppl,valid_ppl
507.5317736385711,274.72009965973643
281.7518522881197,205.8786234921436
229.33791800655706,177.3353784514855
201.16935216094765,160.2305746377085
181.7888731617784,148.0304896923632
168.47132921802333,139.10190115080871
157.04830450662132,131.89017252322606
147.56814898052625,126.12153387147472
140.9587534096983,121.49024239120315
134.37249207275516,117.73354357316728
129.37735561714413,114.6022435615055
125.03179643597062,111.97556326778533
120.3621183415931,109.35157151083865
117.19189150068327,107.46307245173129
113.87979841122105,105.6006619474511
110.66964556783728,103.9589035618561
108.36179304953349,102.74218530917945
105.76105326164438,101.37596767275747
103.56872221454604,100.22188424308995
102.02797979611508,99.37473721020929
99.57908746434941,98.3143390264364
98.28376920751607,97.54468361838603
96.45370109706397,96.78461252597597
95.41331704243238,96.01208062686152
94.04092863710189,95.42954035475428
92.47281494094835,94.81274945569139
90.95646926073353,94.06508567482582
90.72602658459816,93.68069903857406
89.69545422602658,93.19172712989919
88.74655180986922,92.86489963482494
87.79850817716945,92.36575781513659
86.45661508783516,91.79016769934594
86.0090521663664,91.66035666779571
84.71122346262449,91.28001745338283
84.321551446585,90.99759297289069
83.7775274710972,90.80319737444778
83.37426654866532,90.50272344685499
82.8047813434222,90.29483540763293
81.68560928191069,90.0376094418197
80.73720683094982,89.78533691647667
80.7234200269892,89.66101243245812
79.95693243755274,89.39332308768827
79.48594671547653,89.16553502826852
79.07197035491708,88.97663858853943
78.77197946660273,88.74533657612915
78.48900942415116,88.76242947784822
77.57026237470653,88.60028051206658
77.09775689758236,88.38694396602352
76.92021455648819,88.35518377266006
76.45578100267277,88.10147932885798
75.8714453839727,87.95997661207278
76.1107362328722,87.94673906089477
75.71512759536434,87.7700736969426
75.12988561697642,87.51131428404327
74.98139708409072,87.42407075925499
74.53648727024155,87.36595673505866
73.84505409328116,87.30367783767828
73.5564114940789,87.13240020175623
73.27759240569493,87.05543493249854
73.50642906717555,87.0651385159445
73.02533232677334,86.99123371596859
72.4935545286113,86.80414626645134
72.64432015376542,86.71836388488347
72.30811404243225,86.62961190560964
72.07396980461056,86.59444514241852
71.95019156675923,86.52011986914529
71.64411975472478,86.55187667999606
70.99512453313329,86.47581760009663
71.27017035070102,86.36344221764354
71.13626892033184,86.20567566123765
70.77734177934728,86.26619015279898
70.53897675300897,86.27034370350022
70.13796671650535,86.25893009565343
70.2286375007876,86.0676094055288
70.09862521520337,85.9677898052072
69.55611802513775,85.97720918086254
70.07892740254583,85.92002436614361
69.66577669890745,85.79812465577128
69.20802538310595,85.91116493930987
69.00762450306324,85.67837923964844
69.02537365506753,85.65359944565171
68.77182094395724,85.66392619506935
68.6948307246733,85.73842606787598
68.98241231577958,85.50539527005186
68.1908972161952,85.54887605922751
68.53594761703592,85.65083936185009
68.21604943863439,85.59789544777608
68.39947975653159,85.56052008164046
68.06637347722913,85.52990521149441
67.97049642437783,85.50033853735707
67.47414477086124,85.4755130222658
67.50969840754547,85.41940670661616
66.99729432845429,85.41927717346387
67.76481669012138,85.40052932158132
67.52849244983271,85.28764358738785
67.10569360697977,85.33965148082254
67.01835636594159,85.25182574777298
66.74412319789766,85.24087004600429
66.61955387996753,85.31632810028154
64.13229262847419,85.06267430004648
63.91443756348169,84.98431535105534
63.52475107638827,84.91539600995338
63.424502934859404,84.8755513711312
63.26949255164561,84.82617384230917
63.14344750443597,84.80254070199626
62.74696454110448,84.76792280903709
62.82886210140964,84.74552674691371
62.55597671068705,84.71356557628741
62.78414292490551,84.70980812020362
62.34117097263338,84.68623950551638
62.49516750590787,84.65173327329329
62.226827390047845,84.63941073462709
62.13696156427513,84.62153982349213
62.33924291808239,84.59536591191967
62.28737549385383,84.56865506098946
61.950621088250486,84.55470976961827
62.23352182996157,84.56471167643113
61.725587759468844,84.53384421549548
61.65522146496117,84.52942176411635
61.812510481608655,84.54166418850691
61.64490036219728,84.51250321654342
61.46664745969874,84.48575447063965
61.54054300355821,84.46663510872872
61.49793988161507,84.50061739909889
61.54041887394944,84.4570610411307
61.52554582170653,84.46545029904928
61.41544411259284,84.45411539250644
61.23766942915966,84.4395167375758
61.24654284097537,84.4415975319671
61.262666505420015,84.43122608142151
61.23178198148901,84.39986339759393
61.405720506163306,84.44784022280079
61.323451520315466,84.44556718963523
61.23398456172328,84.46410540009347
60.907798267870966,84.41391115911493
61.05595516609827,84.43737197240706
60.985470664272015,84.42354434675367
61.01413876082451,84.39730369288874
61.060511971270316,84.40978298662378
61.01184153556698,84.39279240233469
60.91719728289095,84.38677772337032
60.94691917837726,84.40610300306088
61.01912321661437,84.41058300428074
60.656774510176795,84.40242317993291
60.465176266885095,84.40149524986452
60.78259611992148,84.3976556476824
60.720591698873015,84.39688774820681
60.866942724591134,84.40040734484509
60.63606059917782,84.3999273912062
60.49093578187592,84.39781562761922
60.627234871623735,84.3927284141323
60.633125341660275,84.39365624781603
60.241225038772065,84.38735357833124
60.78504818787737,84.38079546263154
60.505518049031636,84.37897207711704
60.38723269477275,84.38767349945196
60.23033072076991,84.38521013810765
60.399556402241345,84.38236296588481
60.31056552416126,84.38495420858507
60.5033009924587,84.38636183056461
60.2936789774457,84.3809234209893
60.351331650411296,84.38546606840634
60.51438708776166,84.38245893641773
60.220268389593045,84.3801236844368
60.338287549708014,84.37458971519628
60.55201358434404,84.37807639340107
60.40668377936573,84.37782048551432
60.654837378096886,84.37855622278086
60.556207059731214,84.3793879335028
60.16882898501937,84.37910003270976
60.66181134312291,84.37823633622455
60.029665522045605,84.37586921339872
60.40830837047331,84.37084729433033
60.285146278984406,84.36876824335344
60.168464897324895,84.36560178722573
60.36732111235597,84.36201967710171
60.405282604628155,84.36035660624489
60.35098674676317,84.3677767140078
60.269239365347765,84.36598559376013
60.548919555684385,84.36058047925833
60.67155992436072,84.36493012999185
60.24697673733458,84.36217958948879
60.42616144292826,84.35645491484732
60.15677480806234,84.36128408402529
60.53467277988176,84.36099624500228
60.037031809856884,84.35846970016709
59.928405193448846,84.35581531052311
59.95321045946326,84.35338485831896
60.62792783839572,84.3573503690486
60.268185807203764,84.34593403995838
60.250156609214045,84.34679740579696
60.296030241973064,84.34909975790539
60.29061841701409,84.3540564236371
60.650025401921994,84.35268131943452
60.54053390457951,84.34721310361192
60.56732321019397,84.3545041368194
60.25058195512123,84.35613511207902
60.79166926547693,84.36026066084965
60.31401233922682,84.35226559466994
60.4830461460791,84.34420733479304
