train_ppl,valid_ppl
510.7495617431188,275.33171759128084
281.3771153011203,206.2941150230192
228.6982873533817,176.67487127027516
200.533441026021,160.45853016445477
181.09315786315616,148.11564787170897
167.92517346681714,139.0984206936708
157.2443506867768,132.29951316884058
149.03973140377224,126.92602315927994
141.42243380477393,122.18308215265452
135.47221900630245,118.52599566679451
129.39453657811353,115.36972647749752
125.55653355718003,112.51671613754688
121.1863983508444,110.03574072261377
117.52171189552378,107.99437177592185
113.38872778699763,105.8548243035038
110.82020159918848,104.27783924330912
108.9858887843478,102.80565534090654
106.20466443851215,101.52084669317938
104.24294584625684,100.34015664787383
102.24291815356524,99.31779057863726
100.72206838919833,98.39096263405554
98.92904228934015,97.56883462658296
97.51224768246254,96.84943224238076
96.138687384385,96.01863268777363
94.6195313326695,95.52538846243709
93.17100675302773,94.98907680975633
91.86480447047119,94.15674333900199
91.22597715362357,93.79736818497896
89.63390248155316,93.3974323707105
88.55126332731305,92.76714893285502
88.239659616114,92.49264050256667
87.66832329998935,91.95431977138134
86.57012792446105,91.71861502834078
85.88637111629949,91.33062417105617
84.68619530306393,91.07997710376571
83.84915037289643,90.6245731751735
83.58679455742421,90.49126448321013
82.93153551174689,90.26564054444506
82.53390049367414,90.06707200450577
81.61388644154069,89.79306398356752
81.13349501724248,89.55461471653922
80.22669105949772,89.37231384227049
80.25809036805614,89.15035854594613
79.51946198237702,88.96348412267996
79.45273938260424,88.9327642162772
79.00193153729907,88.68742016291242
78.70180950628851,88.62127625702861
77.80104792761645,88.24862937251947
77.83050362349427,88.13535355288549
76.88347836859108,87.96754658578935
77.1679234819403,87.98285526327419
76.30192726656901,87.70517920259903
76.37016289796918,87.78105495990462
76.77515589275906,87.81074452295168
75.69364796785145,87.60027215194586
75.18870614340996,87.51529553957357
74.87907716007453,87.53835720704046
74.52443574162571,87.44362749329052
74.4572485052299,87.34701342358628
74.08848864102657,87.05266267873051
73.68486029735948,86.90866001687137
73.595071050331,87.01824788031304
73.39755940853054,86.75601480090246
72.82269057902643,86.75858026144735
72.76909681894124,86.7539756427897
72.73786423500343,86.72625442616965
72.23177844262426,86.72214467966424
72.27710361048715,86.60849700063811
72.23464382232281,86.59086687923168
71.64643193686642,86.3813207661567
71.68208752265922,86.31002509674025
71.43892230031487,86.29526920773938
71.15624001012792,86.14148063468865
71.00999502389942,86.24728911733345
70.93846382103173,86.15647152844767
70.39454469440392,86.08271798276404
70.80004437508164,86.24725642016884
70.20090241020064,86.13648424975985
70.1878530052407,85.92842863735086
70.00360373924939,85.92364005649225
69.99809715327908,85.91123007882034
69.97539294533699,85.83355374998929
69.60898348492269,85.67444906931041
69.18336793105759,85.74369191903479
69.71863175347448,85.58475381002033
69.34624629497277,85.6289566693578
69.07990252780033,85.70004713395686
68.59543955292378,85.589523504526
68.71744285438166,85.43164847591062
68.7593839112364,85.51230013802734
68.59622359594374,85.5937742726028
68.39115640582658,85.38123531240517
67.90777963971851,85.44405396274779
68.34498251334166,85.25399120060702
67.912939140923,85.17277591564975
67.99063013927244,85.21928593987073
68.12527458858875,85.24584679794278
67.58524677948894,85.20368287255097
67.6202224560902,85.27134913071465
64.50373594713662,85.07018843268008
64.34563364455767,84.98663510501933
63.98398364743871,84.92119081039316
63.828764581439536,84.8433481728864
63.594685528310066,84.82012827622569
63.350581325527465,84.7855032037084
63.66544605858738,84.7694653668574
63.482289528842635,84.76316676579384
63.17540243722597,84.73074922986288
63.06362026849734,84.69022066397221
63.11753448174686,84.6600776774111
63.11326972110978,84.65391557648258
62.8783690069576,84.58218579439364
63.263218355623096,84.60065777772618
62.708121686427056,84.57336812764488
62.94397337780053,84.57808145696269
62.759031386724565,84.57817765009199
62.1949550000614,84.54926051059964
62.68190265672926,84.54560649832489
62.63507713587674,84.56509638878119
62.465467544864524,84.53179319478214
62.45163058903946,84.5286847113805
62.380856030191055,84.49254496701944
62.35443844296645,84.49190433083838
62.482311192994054,84.48239145517957
62.05851106041054,84.46641095427141
62.17081061874719,84.46650702039457
62.226262579624525,84.45587636574626
61.84795005503205,84.45997477290645
61.93585711005827,84.43016980145971
61.967825873700114,84.44092526971066
62.2130642106517,84.41547927754328
61.94191637070121,84.405847010173
61.41348275167397,84.39394419827468
61.637979144800674,84.39100075100623
62.001832911499235,84.37410990837263
61.69818243970187,84.38549805974833
61.87712759366561,84.3245126068777
61.87047149096519,84.34097785150007
61.70154261907296,84.34791659688908
61.683810404640596,84.34046626153244
61.334605416534,84.33458319994074
61.460014850993154,84.32304208122041
61.84183761756934,84.35587927073728
61.487087006703035,84.32898827754491
61.10708476758381,84.32761358199267
61.123171718524716,84.3284128208658
61.23289355413451,84.32406505287597
61.23381988008688,84.32623890885012
61.566263920326406,84.33304855571153
61.04435942569383,84.32914812731934
60.8256442813875,84.32256256752892
61.180157266334625,84.3226584700491
60.926536302664374,84.32355356549695
60.9564266898959,84.31962160987115
60.94214549159569,84.32249863257611
61.421886075459035,84.3245126068777
61.451626969083186,84.32735782715307
60.87435036232184,84.32141174579476
61.18622487258917,84.31901425096031
61.13067219134763,84.32121994369935
61.0034532957995,84.32368143705078
61.027780317335406,84.32796524616359
61.31205231425173,84.33049087738723
61.13404256647929,84.33240912885813
60.68455366953056,84.32719798077223
61.268845279285635,84.32572740828506
61.02683659268663,84.32326585520966
60.96343533102368,84.32010110683841
61.06985243209927,84.31776758058633
61.48592947976159,84.31936587927018
60.93606111959886,84.32125191068499
61.15875062270719,84.31677665061717
60.742947657695424,84.3164250331048
61.00179219198045,84.30987242957715
60.788501684672134,84.30504620340288
61.20393749701778,84.31111898321831
61.06406323089566,84.31428339446747
60.97975096142086,84.30533385152488
61.045467595959394,84.3040554229395
60.981657469431084,84.30801861465841
60.79455088557657,84.30821038672522
60.964255107767215,84.30325641491834
61.41870630421454,84.30472659552954
61.05577043792625,84.30616484050155
61.14347649449271,84.30482247776435
60.615476025564185,84.30354405693359
61.19856762335578,84.30236153492497
60.8546259417283,84.30146666443075
60.909436336065696,84.30255329412384
60.9208835670439,84.30456679204725
61.010713465543944,84.29811098467769
60.8656127193563,84.30216977616227
60.7161419057013,84.29875015147502
61.0793585875317,84.29740790679809
61.019102703616234,84.2972481171887
60.79645160337896,84.30328837509377
60.46946536945273,84.30290485378801
61.00470428038595,84.29999654066911
61.263037214279606,84.30338425569285
61.09159763125014,84.29945324054961
