train_ppl,valid_ppl
504.9772382533349,271.63165935299713
279.1590314136653,203.8282887588264
226.98015082179276,175.3771843564028
198.21056513133047,158.1762816406944
179.0495723297636,146.12275130286184
165.84252968640226,137.507547048661
154.59255093926998,130.5903485139022
145.7633090514578,124.8777570011851
138.86910656238064,120.37845160677821
132.56128811000622,116.66232310562405
127.3048084339075,113.45146293865331
122.94249382293236,110.75571942156296
118.16125753026223,108.34289644304731
115.20291825736783,106.49975306463992
112.25549305495224,104.73742866771937
108.9710513442176,103.09189283892667
106.46357762313257,101.89246794479433
104.16948510834088,100.64055010533023
102.05885364315733,99.43122645326235
100.31781376803548,98.62837075612977
97.78842473652203,97.6186719062419
96.69037040883826,96.89724898344784
94.77733782578345,96.18086582566669
93.61696273541953,95.44864438264253
92.34038642777014,94.8541664693076
90.94637936462705,94.23755741542621
89.54671125073325,93.57925143036057
89.06213114272923,93.11385731047496
87.92386142979925,92.63686934285651
86.86479704498105,92.32850751646494
86.10779210891243,91.79952898095691
84.78028142850717,91.45996822956492
84.09660948505946,91.15659527481228
82.94508599252045,90.837249448898
82.54447228078855,90.55451272296973
81.83812993737443,90.28952966022274
81.43787986523145,90.03088527179624
80.79311092725285,89.88406871059071
79.82090417967316,89.66454760211748
78.99542501144663,89.34121567214923
78.78853185437691,89.26074269009283
78.13725782019961,88.94341887663106
77.70141030738918,88.78760375905104
77.3011197229918,88.61391878180513
76.85239170694344,88.4047051675213
76.43159887484609,88.43413629494957
75.67708431371433,88.25665915332156
75.19171409962512,87.94490530034807
74.97297850369118,87.99079414485001
74.59125731882466,87.8045861089653
73.90756440011313,87.7735675861388
74.1260074375406,87.71352531725715
73.66784466465121,87.56992337929147
73.27673022174963,87.273762681507
73.15693611865188,87.2014659547445
72.66337109587863,87.12602511909664
72.04405277297279,87.109577578402
71.59808433335387,86.88678536278556
71.45383770627139,86.81839672156192
71.49168060072263,86.88378790999109
70.99335842173453,86.83057563845875
70.5741049274352,86.5887331229385
70.80482855507556,86.55085949404639
70.32334976863883,86.47273597704626
70.05591436521038,86.47267041179153
69.95119107904968,86.34563283837902
69.55291464002838,86.30691666203326
69.06378777022297,86.3260271267383
69.24209503220095,86.2135849215631
69.21682044909916,86.15434847644522
68.66391566116592,86.16182838448776
68.56479971508118,86.1396845152383
68.0303894503204,86.12489244674609
68.19954009705233,85.9121094670451
67.9966645590132,85.94207918604116
67.48494274641222,85.87528057905583
67.67364128324344,85.90836398708412
67.35969276094853,85.78709874919636
67.01885202301663,85.87599681709538
66.84975313684188,85.66902508074178
66.75778909141614,85.65249540145803
66.71583538827244,85.62911898328672
66.72637742067712,85.68185482974057
66.63337347051517,85.4477791994658
65.98303730234008,85.5336990444615
66.29518272081975,85.53408816504994
65.93467666479519,85.5427789861172
66.07117979986548,85.48815174397237
65.73062733421723,85.49132792167715
65.66922669367088,85.40483545889312
65.1940412014406,85.34647825303735
65.25159739938525,85.31623106763307
65.12810590853107,85.36294887548574
65.44676675747408,85.3399103058283
65.11884526456865,85.2655950863628
64.69281892010399,85.24710719032218
64.53943840475921,85.26100505974651
64.43241193195833,85.29824958886063
64.2707464827457,85.32920207685284
61.91414442289789,84.97529468754425
61.71349140565131,84.87535830855954
61.352917873482404,84.79341074889865
61.25712673471053,84.73939055196229
61.11780893104117,84.67782831842324
61.01467205762946,84.66027025029253
60.65428683605879,84.6140332413787
60.728451075117285,84.58436630466419
60.49353877407749,84.5496130990857
60.626399245756645,84.5409590793022
60.23952393738196,84.52737085070362
60.377895151423424,84.47518544424995
60.13372488767238,84.45824573313276
60.02088770192806,84.42754516301156
60.19790242908792,84.41384715489991
60.15333697878084,84.38393049825686
59.79844131341513,84.38297078110325
60.11036047831991,84.3949040402329
59.56890875541615,84.35779809971375
59.53479511238635,84.34721310361192
59.701966236504354,84.3448788270458
59.57583797384037,84.32352159763872
59.402469655143854,84.2851688996853
59.4210242417806,84.26606298477357
59.40955925982669,84.30568542278456
59.38845270207305,84.27593489830745
59.42264230064007,84.28667071874048
59.30485902033469,84.25402017738324
59.13780579779813,84.25258282198793
59.17752059136168,84.24542835105807
59.156715226070745,84.23412297053093
59.147846329237844,84.19667276275253
59.30872686852526,84.23239855432894
59.20199515283879,84.21930691613899
59.15987732922012,84.249229088091
58.80688893236577,84.1972154004638
58.92065257856178,84.21375156763013
58.85306838744142,84.21011205523132
58.92083084679698,84.18093779032121
58.94371308032679,84.18783145277266
58.86250650887549,84.18039525751648
58.78633244634052,84.17458718422849
58.79291369286505,84.18154415465249
58.89817529580791,84.18368242162516
58.50405434162418,84.1785442895563
58.31137512597646,84.17283207609529
58.636507341671205,84.16625872357513
58.54271375147516,84.1608344988849
58.73671026049185,84.16144071841
58.53102470231951,84.1574206073076
58.38652155978417,84.15384733642489
58.46819181326774,84.14880673012746
58.50075029450517,84.14641414293894
58.15875233632121,84.13796087968839
58.65691284211655,84.13317639008669
58.425496124658096,84.13263416509662
58.24852346876785,84.13843934361296
58.110578046085315,84.13553670428662
58.310238178784665,84.12791376576405
58.14100235507298,84.13145404043341
58.3987118146678,84.13301691178569
58.15617160598502,84.12606395177278
58.261820892651116,84.1320281530667
58.383479300422216,84.12992309256435
58.10514750694392,84.12619152384559
58.20184007039122,84.12092933643416
58.449718612520186,84.12332119899737
58.26162503227952,84.12309795561391
58.52077410745675,84.12529852339806
58.41746346972277,84.12459688683917
58.052548347370085,84.12255579557782
58.541316452738094,84.12293849641705
57.91000518828099,84.12102500963096
58.283016875157095,84.11547614408025
58.18775432273609,84.1134033859125
58.1156965007758,84.11037406200586
58.30910125376091,84.1072491895617
58.27028268935282,84.10355051099313
58.23826361413696,84.11107557994008
58.170288818868535,84.10995953143136
58.400203872504356,84.10543171511155
58.56306692441341,84.10877972482415
58.12628649077922,84.1068027886898
58.29561666166553,84.10342297325391
58.01801580100486,84.10862029276814
58.47157264780483,84.10756804877792
57.913256401981094,84.10575056743754
57.8601307086861,84.10355051099313
57.858983109146,84.10198818701447
58.5233316693645,84.10469835934913
58.170288818868535,84.09344374481368
58.16931106211383,84.09271049358014
58.20168354335269,84.09526096021006
58.192644820959856,84.09800279811077
58.51371188237607,84.09436828809072
58.39990938438556,84.09063829639948
58.4304066043346,84.0984491522763
58.17809190666085,84.0986085650524
58.639779629900886,84.10310412975204
58.160296919105,84.09666374982834
58.3687413076575,84.08869366549118
