train_ppl,valid_ppl
504.9439664134917,271.4472880763311
278.24441010743135,204.62606951897644
227.00479856904644,175.09132331255032
198.4808798953275,157.9394130273344
179.84060822039277,145.7816304854773
166.00640949368972,136.82819887844434
153.17882160156887,129.86603210348656
144.61455475032395,124.07147974572037
136.93752669256256,119.40378711719644
131.78748087600528,115.48118036527426
126.33689824283569,112.32995201320632
121.35024159989305,109.80117398354997
117.34343064552392,107.53170098241002
114.40091328303025,105.40080032401993
110.88112993307469,103.81121427044145
107.67211362944451,102.27200183884817
105.20266300037412,101.14402366483847
103.24317334398977,99.88126861143478
101.25987653038064,98.93275317620338
98.80908945615013,97.76841066567913
97.58242429784782,96.97475338703605
95.71285739119263,96.32715747404397
94.17142706159945,95.62934463646256
92.87957742876878,94.79265865464485
91.50455805008013,94.51172654866083
90.1857237021816,93.81671453579146
89.37126119589084,93.29133991365266
88.07506047071996,92.90779040814245
87.44765177188722,92.51610185765121
85.96566327662545,92.18150865495133
85.62201606734763,91.66205940011157
83.99503649750116,91.35521074110136
84.26076978588632,91.16889887252738
82.64065167173486,90.66144534989651
82.27648973747641,90.3876508067919
81.21437816075323,90.10074555062835
80.87071853322,89.99573661949428
80.14684546122943,89.61785381383206
79.49399015998891,89.4943380181202
78.91256018866682,89.29499493522891
78.03309722533876,89.02286328526793
77.63188083462244,88.76037680983005
77.29241471071805,88.66281209220514
76.76429075290257,88.49809392345449
76.29459152684959,88.22069811887533
75.7707891910568,88.12289140218586
75.40087202225435,88.0738283762349
75.30575122590837,87.99709906110502
74.2714786889845,87.87768270566009
73.93226520404798,87.70441445890478
73.92530639603501,87.58762001778646
73.25178055026203,87.5805143711888
73.29634125647102,87.49456181847364
72.90972370258493,87.4890557677886
72.43238627659271,87.3179771967569
71.90470881873583,87.25606329707125
71.65707857155763,87.1765761496044
71.43438344695213,86.87894608930014
71.13299276187065,86.72079672522615
70.48163754350303,86.93841706623763
70.96971108224764,86.83287995005091
70.21976107981723,86.77591555332198
70.15487454831847,86.76417191267022
70.16680916727759,86.71165748924048
69.75994093979719,86.65910914379643
69.43759760655786,86.54134446252397
69.15878901195735,86.46785150167179
69.00286896979301,86.50490172765141
68.60980741067702,86.35840021918125
69.05101937890045,86.33957717678739
68.54244519301501,86.34078827512873
68.19990692789808,86.24656978257669
68.13546669647603,86.20734242848002
67.6755523163615,86.32563440337867
67.31942018240751,86.23819978284699
67.71173562338909,86.25248812417506
67.28417032675708,86.03965084964402
67.42836331690943,86.19508753964836
66.95735096463227,85.95726348891144
66.82025246272984,85.97854557726426
66.57151000351637,85.87697351495831
66.63144706716548,85.88755512051304
66.08213091186497,85.72266295297156
66.12555337917134,85.72191549579115
65.92574458160959,85.71921820451071
65.74068218521761,85.65324225332591
65.66489989272284,85.65139137149507
65.5651314963743,85.46588940289429
65.44782283594168,85.59309283755762
65.48255090616554,85.6031202149105
65.19143319038815,85.63333925343377
65.27867184932883,85.59455306215455
65.36684030505383,85.59776564395685
64.40228927809218,85.51917314245458
65.12885032007168,85.77259484755974
64.56530574084152,85.88599221670982
64.750084987316,85.7136938969453
64.65214120603927,85.6509367750583
64.32344377249828,85.61519356741826
61.58752334297275,85.37065135729372
61.19688063387591,85.29685909281982
61.33386313492773,85.2333085245317
60.97530267452198,85.17891120099377
60.948455852387085,85.14588274843815
60.560441543130146,85.0768001283304
60.82744372840656,85.04639058251665
60.112745010589464,85.07038193842399
60.4714982257491,85.03755676110562
60.35975196852889,85.03330137902574
60.230188986122606,85.01344574474662
59.95063071718916,84.98495972080494
60.1095319765384,84.96398799396081
59.80390948173336,84.9052238722649
60.02655782515708,84.93886739424039
59.69165104054088,84.90770241377798
59.709874422383784,84.86499792803964
59.69434004437909,84.88111819749615
59.30109110152903,84.89228512907245
59.83509965951761,84.8752296004224
59.39801661781344,84.86303538974357
59.25404218982187,84.83659380785748
59.24334631482754,84.79807204579431
59.69147044014651,84.82922894650048
59.27532017249334,84.79765412596083
59.42717709541802,84.80228350676369
59.290047893370975,84.80758831630693
58.77860585697849,84.77351471469159
58.977468204657626,84.74151086228106
59.01884110477326,84.73434699667541
59.29000802991922,84.79099983380543
59.122857511620644,84.75012115232659
58.3208244068432,84.72111310704538
58.64591073374446,84.70149092561093
58.611576925454585,84.67590220993894
59.079763205425934,84.68652845426678
59.02364271562655,84.68251536541989
58.7374211105413,84.64297253413501
58.6813693621018,84.64993612467362
58.78026570356419,84.6477218333055
58.89253256741927,84.6578310261599
58.486611867576975,84.66742785307945
58.476487000068566,84.6420740480513
58.34804375356238,84.64605313025862
58.45268572250714,84.65577699718969
58.20978437041275,84.64714420160499
58.1798717048439,84.64306880106675
57.81290343529323,84.63963534818602
58.42641926333756,84.64184942802063
58.086554684859216,84.63985996234109
58.188184670086805,84.6409509538587
58.33655046291134,84.64332551342017
58.23916421603518,84.63928238428957
58.43755700066598,84.64059798447595
58.10883943695617,84.63796680455206
58.0184253887463,84.63337847916057
58.64754711741387,84.62769956773512
57.77899903357015,84.63116462091087
58.06299019559608,84.62587084686717
58.39794616820962,84.63020209190874
58.148586485877765,84.62840540039417
58.074937192376666,84.62532544653948
58.14035735866494,84.63116462091087
58.154392532818974,84.62622375483471
58.22976731652574,84.62673707814183
58.246741570437784,84.6241704927427
58.330118346503454,84.62433090204965
57.948369454553195,84.62269474138543
58.22193772514668,84.62481213179485
58.09692452717002,84.62365718500381
58.26423002907924,84.62503670661252
57.88316531515541,84.6248762959677
57.94644089773451,84.62805248332874
58.10967943262483,84.62503670661252
57.93099527875476,84.62035284097131
58.329863429672244,84.61406531937263
57.99886592672999,84.60957451854698
57.93901947483025,84.60713675505524
58.403737845760894,84.60986320571708
58.22861238560225,84.60986320571708
57.8900152096469,84.60893299502888
58.09631908059874,84.6115632723651
57.9379676965226,84.61512389999487
57.86522710365197,84.61223689312729
57.920577168040104,84.60716883043463
58.07530813521193,84.60752166041068
58.14543934245113,84.61069719640808
58.14583028267958,84.60851600735049
58.16051199084744,84.6025501009975
57.885947987033916,84.60152375091961
57.790965307616595,84.59745054681235
57.69722466216263,84.60408964946056
58.10325279797111,84.60575752524396
57.86744475917094,84.6096386711663
58.114211711774374,84.61188404348779
57.735797330595595,84.60848393146036
57.97075709782232,84.61015189387216
58.00409153812499,84.60530847852931
57.81991995236135,84.60197277754664
57.67946041602852,84.60309535454084
58.03280179966579,84.59969559568516
