train_ppl,valid_ppl
513.9832583630483,279.37053201751627
285.45902273353494,208.3043302296747
231.67585680677266,178.9671731868616
202.4160625636493,161.13542533467998
182.74000312529043,148.68826753820622
169.29762300193931,139.7461737793309
157.8844265320387,132.56128523172853
148.71596609309822,126.65809178366013
141.87557217200157,122.00816128208582
135.38052816676196,118.21137933342999
130.2068092041667,114.97357544067314
125.87299086934317,112.28941806811731
121.07054949906193,109.70684685511326
118.10156944844806,107.80129975688763
114.93936531333874,105.94740587113618
111.68939398626502,104.2317937883524
109.21375948971502,102.97166515340376
106.76352767906987,101.6795777336715
104.67353854405896,100.44215541767215
102.98416358767919,99.6165961741345
100.57525663375331,98.49374310505185
99.36580733163788,97.73620653967549
97.5684177355083,96.9967040117276
96.44027801432374,96.29652328693145
95.07718284871629,95.68011370479898
93.58958651163368,94.98561979113603
92.17470687297313,94.36575925892741
91.90458973909455,93.86239343946004
90.71657217952311,93.37339352902558
89.77292112628022,93.02998616867131
88.89883685732956,92.56925383246363
87.5504566539625,92.07424920593499
87.01879677070887,91.8723638066368
85.82094162476436,91.49884531218304
85.44190381265979,91.1197980763784
84.78846157256474,90.89450222422408
84.3952566004279,90.63501819589483
83.75730832449383,90.5160368792522
82.76540169673629,90.1827963729685
81.86143574671803,89.90056296357164
81.79780758084877,89.79217891132534
81.10491593903583,89.44291770842285
80.6864135615093,89.24646352124118
80.25118362419788,89.02181705947588
79.88280658764674,88.78188170463397
79.46377133366349,88.7933261822585
78.6498113466129,88.61717749683929
78.30262989807869,88.3941820625904
78.07775796397266,88.38650835875062
77.61356236340778,88.23702093949866
77.03034720360426,88.018252185755
77.2839704863877,87.98782531957193
76.80956801193166,87.82712467721058
76.49876748553652,87.58649104476086
76.19967530844171,87.50680241339053
75.67565965256664,87.45121933635028
75.09392873531476,87.31460074799952
74.68575179839578,87.23185238450543
74.54407998211111,87.05863633537656
74.66197891511257,87.1207404301031
74.1694792408952,86.98437431131251
73.80976175290051,86.80259959104205
73.974081546611,86.7990785391728
73.4646548088846,86.67366437597995
73.28828432946534,86.61375061726932
73.14105050045197,86.59060426023503
72.87240406365223,86.52061187959661
72.23041864118225,86.4724081512696
72.43635540863501,86.2870907551966
72.2784399927273,86.19861676900632
71.86795192781615,86.19289818295123
71.6865698174618,86.20152522402803
71.3326112215538,86.1355046004237
71.33879836111701,85.85763696459102
71.25467047917748,85.92572484801104
70.68399029448594,85.83215452764621
70.97670185680401,85.93204468136842
70.68401405656195,85.7596214621538
70.27811576582499,85.94058045182292
70.20389963237635,85.65886008696019
70.18261504765948,85.60688484106748
70.01614813556776,85.63645589413126
70.02796498844442,85.6606461806238
69.91235388739697,85.41986007419604
69.2506150647411,85.35945386087243
69.61499772037502,85.51022537731517
69.27501702263574,85.55964429225132
69.49817593456065,85.54475724412963
69.0250255886039,85.47593428288366
68.99470413566158,85.41503507128259
68.47784244930997,85.26384955416688
68.6706562212437,85.19932227763518
68.35536834593366,85.23188677490457
68.8468607063749,85.23398709521437
68.48069704138621,85.14252573444142
68.13581027723872,85.20594400962965
67.98356780548875,85.07812252912294
67.70558992488266,85.18081645847197
67.71310140992404,85.19651223471973
65.0230322830556,84.83485705804962
64.7593149597035,84.7252886257091
64.2762562771024,84.64611731053671
64.25400392814358,84.59818819915586
64.1379199220931,84.52419844203911
64.00102160469514,84.52262830402233
63.615404995809506,84.4770429349325
63.65031620096788,84.45696498575072
63.426485877081696,84.41224706529529
63.65211361957767,84.40847097408056
63.202359062952006,84.38527412060954
63.3472378199925,84.35252142505183
63.082194472189165,84.31236555529021
62.89796701468501,84.28286829260257
63.19275617240324,84.24609905689852
63.09689232410118,84.22291489621719
62.75949554251138,84.22160578823387
63.0157257710591,84.22735324300871
62.58212202874568,84.2085477517446
62.45129467678539,84.19178918072267
62.700301198137005,84.1728639868256
62.467231504582806,84.16230219577308
62.305364996394204,84.12443742480102
62.34458712874782,84.11082048183248
62.31265442258467,84.14073600832555
62.37571840071082,84.10230702628569
62.3919925082238,84.11719816663202
62.195268625124974,84.09290177589429
62.04032169979334,84.09408135977904
62.18341469760693,84.0615372912324
62.17545062921972,84.04834475456794
62.04620345554388,84.02843240749418
62.23747607182946,84.07533749796468
62.12969269089423,84.0739350640828
61.98270165702296,84.06236587713154
61.64531483101381,84.01241037674374
61.878646117400855,84.04305557502823
61.83871925976132,84.01827096401364
61.830633051140794,83.99451263578634
61.9867649917393,84.02209330640055
61.880393505893466,84.01463989980856
61.686091456500584,84.00161395209386
61.824418406429814,84.00594509443152
61.84293947492456,83.99237917372939
61.45522163543305,83.99231548912778
61.26429352209717,83.98585175324328
61.56173145825755,83.98158532328691
61.38423493903992,83.97760563998241
61.66817710148194,83.98037547961074
61.379757146268126,83.97754196658244
61.25731207209897,83.97677788954803
61.407248104594295,83.97197073100544
61.41878889359308,83.97085652824357
61.124240222819125,83.9627392114899
61.561503809146515,83.9610840118495
61.32332782858839,83.9558003236461
61.12097312421721,83.96328034152687
60.992523652919836,83.96098852055806
61.21679830505654,83.95764639377933
61.15616012505768,83.95914237693779
61.385266734831355,83.96054289596752
61.02710329599933,83.95163090082413
61.149355451573776,83.95869676214569
61.31178436564243,83.95796468583599
60.96499291626153,83.95618226586058
61.048894842424524,83.95226744053335
61.384854014433614,83.95624592306521
61.13928345788269,83.95586398056122
61.48764510783592,83.95357236202581
61.31135152805488,83.9558321520976
60.93526220678174,83.95474999151574
61.445987485270166,83.95404977739568
60.78263698691018,83.95067610030969
61.211735968535294,83.94692065697629
61.087572440215425,83.94249708753458
61.040645149854655,83.94303808711342
61.197724122802825,83.93807375119222
61.16713965376731,83.93689635561908
61.13519346883872,83.94351544257844
61.04778660994348,83.9410014009618
61.339863501763894,83.93753278360774
61.502260892506946,83.94166968315817
61.04532394312343,83.93702364083079
61.19459710024597,83.92954596207483
60.95136539463565,83.93520984478634
61.29317510837792,83.9384237908988
60.846034313448904,83.93695999820078
60.77021468773325,83.93320516844254
60.778182646867435,83.92868686718246
61.40809449305842,83.93632357455508
61.10203150384748,83.9281777780625
61.08171995705325,83.92582328105037
61.07543686247795,83.929164141037
61.123808709220945,83.93142327410936
61.464705126342835,83.92932323292499
61.3220909250397,83.92661871184198
61.39333597604626,83.93330062813507
61.05895194563086,83.93240967522651
61.56475306256007,83.9396012078975
61.10618090110492,83.93199602173375
61.300902519387726,83.92642780776445
