train_ppl,valid_ppl
513.1931907881113,276.7828737416388
282.28979202291265,206.9148459751569
229.28118141996404,177.070960329554
200.97562431251484,160.77565285220342
181.2768611020474,148.33305958534436
168.23945301843085,139.25475796120656
157.3477815016994,132.3906278413446
149.20054911297436,127.02152690404307
141.57155795258157,122.34095260839678
135.63868666070326,118.59413570024289
129.5835471123956,115.45425879272057
125.65943844593512,112.61922290241652
121.43589992305911,110.13861773835986
117.87480767620222,108.06858361850395
113.65472360839732,105.97419976258277
111.08659502083557,104.40331247314741
109.21636626826832,102.90778052368832
106.52834181273714,101.63063393972568
104.54623382672155,100.44714383553374
102.53532002306447,99.45384622213649
101.01667471580654,98.5374031435304
99.28052978797619,97.71542216897981
97.75828405293717,96.97817250441328
96.46089975152489,96.16303702997882
94.93821604831986,95.6055287261542
93.5725354862643,95.13261802780775
92.22736827603302,94.30707080657545
91.54083291902752,93.8846005628737
90.0159208543247,93.4830169451188
88.9380551734242,92.84902309963043
88.51197752853585,92.52774707134832
87.97731791728367,92.01803244312902
86.97533707696267,91.78028544913292
86.3671140057377,91.39823584127383
85.038721406889,91.12833093907891
84.29216108714066,90.69276239193425
83.9634735853422,90.52921498806307
83.25842244926969,90.22366167414809
82.86696416226609,90.08295096249711
82.084510552051,89.77692980592683
81.50821498054826,89.56137122228373
80.63741425740415,89.32319859173508
80.66379479939165,89.13109590858642
79.8505877242597,88.93812510418843
79.76025632887315,88.84009556558122
79.33511604214702,88.6204027348633
78.9855732924084,88.4962822164926
78.13765183612021,88.14146833557851
78.05684138152853,88.00977697963815
77.21216692503721,87.85150080563548
77.48748585170947,87.81999960052151
76.60502606839187,87.5072668599228
76.55624049615693,87.58004953589402
76.95704591021781,87.67383017841097
75.91693613586924,87.43726278783603
75.49877789219978,87.34151665815193
75.16886675794105,87.35307351167168
74.78164809482652,87.28603856827397
74.76256957606734,87.15863213313526
74.39672423952887,86.87179913284999
74.09974726765462,86.69167287646383
73.89859562797537,86.82346557672433
73.62506288801997,86.5969729954445
73.01021160445448,86.56260707929637
73.04404118958145,86.50365553293017
72.89996925405204,86.47781743551313
72.50047605242004,86.50490172765141
72.58658724651342,86.3631148062091
72.42189225746259,86.35185260860463
71.99253255676797,86.16284099836291
71.92695090755102,86.09714376424412
71.73005780200452,86.05922414754694
71.41099731430045,85.83954137765274
71.28497863134822,85.98499968642243
71.19404496050969,85.85666048664697
70.64035284361867,85.83680784364402
71.07096554789854,85.98226152033826
70.5817922887053,85.89585852386385
70.47007579721107,85.74730018895342
70.24592141136493,85.70875481753755
70.28182508729087,85.68217965844842
70.14204591796243,85.60866985098262
69.88648223756309,85.47450848609365
69.43449304790403,85.57313893120134
69.95170842690257,85.35893609309987
69.63704655973928,85.32205322187767
69.29593317434063,85.44988483988831
68.86669838160891,85.36547314170335
69.07939162763714,85.20038818022773
69.04368442548716,85.25037137003005
68.86350359742724,85.3428544955187
68.64097501524549,85.11638428942072
68.08678737022484,85.17145204362456
68.54601681803774,84.97423160099211
68.23120945003642,84.87008143497951
68.1954821624655,84.95538818325007
68.26713905144526,84.98972820880367
67.84808579258417,84.93255620614698
67.75354117002995,84.96179769737843
64.63140998421424,84.7380734162065
64.45671955001708,84.6515728120439
64.0664835016523,84.5777608139886
63.980628220887404,84.49731785946501
63.75415747808862,84.46333689601904
63.49121071553022,84.42168803240408
63.8073106597022,84.3996074236299
63.56489041156111,84.39116071832838
63.29370189106488,84.35306506718952
63.15478381615472,84.31156646850816
63.29195714746418,84.29549045147591
63.27889437607825,84.2797689629039
62.996747580762566,84.21327267543303
63.3756952005551,84.23140862764447
62.83623389809021,84.20538730887475
63.028416388209195,84.21381542012881
62.90896317752421,84.218444855281
62.35527692456142,84.18502285548222
62.83557906166518,84.17800177217738
62.78414292490551,84.19951366954292
62.601227848175846,84.17101318446385
62.57448554094816,84.15818632795057
62.51941683566583,84.11611392610008
62.45711041282085,84.12606395177278
62.607773142702776,84.11595448014178
62.22565593710234,84.10434762624496
62.32447013136543,84.10214760649899
62.34613808349101,84.09165844863014
62.00149941859835,84.09044701923403
62.0822361613756,84.07058844138669
62.085784229364094,84.07026972236343
62.32840919882505,84.05780875575455
62.04795557568114,84.04570012319063
61.58969731000746,84.02849611948028
61.798298789035044,84.02725374446426
62.13664823323,84.01406658822658
61.87196905164422,84.0252787245586
62.03546237191242,83.96939216995477
62.003917282770765,83.98636119220039
61.84934311000068,83.98390954556729
61.786416666022724,83.97719176374538
61.48623952948414,83.9672593459581
61.63327564718212,83.96127499475809
61.98013876750398,83.99069154810236
61.63319276938487,83.95952433435626
61.229805902164934,83.95672335363871
61.25267880560796,83.95828297909932
61.392964478735635,83.95303129455525
61.36725407220829,83.95576849520668
61.64844416052345,83.96302569166328
61.18826125496847,83.9586649326082
60.95636521415287,83.95143993985252
61.3215549412499,83.9493712238349
61.0793585875317,83.94968948451954
61.100121232507966,83.9456158388738
61.060409336779756,83.95080340641755
61.522939787734074,83.95210830515357
61.600319795198764,83.9543998837257
61.000131133392706,83.94800271663952
61.34006971036951,83.94590226062236
61.25146391816878,83.9475889862979
61.128288379669144,83.94892566090338
61.17721623644624,83.9531586042346
61.4334296154968,83.9543680558172
61.26925721969996,83.95675518244013
60.77955160653781,83.95086705954384
61.42593329513554,83.95013505150507
61.16681065048008,83.94749351035475
61.12245254345889,83.94443833750816
61.1988145037657,83.94510664706712
61.63041642757768,83.94660240678851
61.102175290128585,83.94806636764235
61.30094373485811,83.94252891094276
60.858901751650095,83.94074681866736
61.14553200962614,83.93435069191902
60.94101871020809,83.93043688458478
61.369915404284995,83.93695999820078
61.218856285115095,83.94074681866736
61.134782429794505,83.93304606919618
61.173905176185386,83.9323460360949
61.102914767776106,83.93505074174003
60.92448814945877,83.93705546216385
61.055113631174436,83.92983232899309
61.5381225213471,83.93151873177537
61.176825480877724,83.93240967522651
61.23443743850701,83.93021415307064
60.75201488484179,83.92922777775605
61.34588507847001,83.92735051482865
61.003863451853654,83.92483695733867
61.00300212732502,83.92744596786251
61.05991669362623,83.93040506576088
61.16055992424106,83.92340521773811
61.024005506301066,83.92744596786251
60.82527621923691,83.92626872136489
61.16611152437037,83.92607781808341
61.128391128255466,83.92658689446557
60.95521767832993,83.93059597888531
60.631453939067775,83.92795505254357
61.17141685754212,83.92350066628487
61.359250141070135,83.92655507710117
61.21531660225245,83.92238710666007
